      Year        DOY     HDD1_h     HDD2_c HDD3_Tmean   HDD4_T5d      P/day     DaysSR     GDD1_g     GDD2_s  GDD3_Tmin  GDD4_Tmax GDD5_DLHrs  LAI_EveTr  LAI_DecTr  LAI_Grass   DecidCap   Porosity   AlbEveTr   AlbDecTr   AlbGrass  WU_EveTr1  WU_EveTr2  WU_EveTr3  WU_DecTr1  WU_DecTr2  WU_DecTr3  WU_Grass1  WU_Grass2  WU_Grass3   deltaLAI   LAIlumps    AlbSnow   DSnowPvd DSnowBldgs DSnowEveTr DSnowDecTr DSnowGrass DSnowBSoil DSnowWater BoAnOHMEnd    a1AnOHM    a2AnOHM    a3AnOHM
      2011          1       14.2        0.0        4.0        4.0     0.2000        0.0        0.0     -450.0        2.1        5.3        5.4       4.00       1.00       1.60       0.30       0.60       0.10       0.12       0.18      0.000      0.000      0.000      0.000      0.000      0.000      0.000      0.000      0.000       0.00       0.24       0.00       0.00       0.00       0.00       0.00       0.00       0.00       0.00      10.00       0.49       0.29     -29.13
      2011          2       16.9        0.0        1.3        3.4     0.0000        1.0        0.0     -450.0        0.6        2.2        7.7       4.00       1.00       1.60       0.30       0.60       0.10       0.12       0.18      0.000      0.000      0.000      0.000      0.000      0.000      0.000      0.000      0.000       0.00       0.24       0.00       0.00       0.00       0.00       0.00       0.00       0.00       0.00       9.69       0.49       0.29     -29.13
      2011          3       16.7        0.0        1.5        2.9     0.0000        2.0        0.0     -450.0        0.5        2.2        7.1       4.00       1.00       1.60       0.30       0.60       0.10       0.12       0.18      0.000      0.000      0.000      0.000      0.000      0.000      0.000      0.000      0.000       0.00       0.24       0.00       0.00       0.00       0.00       0.00       0.00       0.00       0.00       8.03       0.49       0.29     -29.13
      2011          4       16.1        0.0        2.1        2.6     0.0000        3.0        0.0     -450.0        1.1        3.6        7.2       4.00       1.00       1.60       0.30       0.60       0.10       0.12       0.18      0.000      0.000      0.000      0.000      0.000      0.000      0.000      0.000      0.000       0.00       0.24       0.00       0.00       0.00       0.00       0.00       0.00       0.00       0.00       9.45       0.49       0.29     -29.13
      2011          5       13.9        0.0        4.3        2.6     0.6000        0.0        0.0     -450.0        2.7        6.3        6.7       4.00       1.00       1.60       0.30       0.60       0.10       0.12       0.18      0.000      0.000      0.000      0.000      0.000      0.000      0.000      0.000      0.000       0.00       0.24       0.00       0.00       0.00       0.00       0.00       0.00       0.00       0.00       4.09       0.49       0.29     -29.13
      2011          6       14.6        0.0        3.6        2.6    12.2000        0.0        0.0     -450.0        1.8        6.1        6.4       4.00       1.00       1.60       0.30       0.60       0.10       0.12       0.18      0.000      0.000      0.000      0.000      0.000      0.000      0.000      0.000      0.000       0.00       0.24       0.00       0.00       0.00       0.00       0.00       0.00       0.00       0.00       0.68       0.49       0.29     -29.13
      2011          7       12.7        0.0        5.5        3.4     9.8000        0.0        0.3     -450.0        1.8        8.9        6.3       4.00       1.00       1.60       0.30       0.60       0.10       0.12       0.18      0.000      0.000      0.000      0.000      0.000      0.000      0.000      0.000      0.000       0.00       0.24       0.00       0.00       0.00       0.00       0.00       0.00       0.00       0.00       1.41       0.49       0.29     -29.13
      2011          8       12.2        0.0        6.0        4.3     4.0000        0.0        0.7     -450.0        2.1        8.6        7.6       4.00       1.00       1.60       0.30       0.60       0.10       0.12       0.18      0.000      0.000      0.000      0.000      0.000      0.000      0.000      0.000      0.000       0.00       0.24       0.00       0.00       0.00       0.00       0.00       0.00       0.00       0.00       4.06       0.49       0.29     -29.13
      2011          9       15.2        0.0        3.0        4.5     0.0000        1.0        0.0     -450.0        1.2        5.7        8.0       4.00       1.00       1.60       0.30       0.60       0.10       0.12       0.18      0.000      0.000      0.000      0.000      0.000      0.000      0.000      0.000      0.000       0.00       0.24       0.00       0.00       0.00       0.00       0.00       0.00       0.00       0.00       7.49       0.49       0.29     -29.13
      2011         10       14.0        0.0        4.2        4.4     0.8000        0.0        0.0     -450.0        1.5        6.1        8.0       4.00       1.00       1.60       0.30       0.60       0.10       0.12       0.18      0.000      0.000      0.000      0.000      0.000      0.000      0.000      0.000      0.000       0.00       0.24       0.00       0.00       0.00       0.00       0.00       0.00       0.00       0.00       8.18       0.49       0.29     -29.13
      2011         11       13.6        0.0        4.6        4.6     7.8000        0.0        0.0     -450.0        3.3        6.4        7.2       4.00       1.00       1.60       0.30       0.60       0.10       0.12       0.18      0.000      0.000      0.000      0.000      0.000      0.000      0.000      0.000      0.000       0.00       0.24       0.00       0.00       0.00       0.00       0.00       0.00       0.00       0.00       3.17       0.49       0.29     -29.13
      2011         12        9.8        0.0        8.4        5.2     7.8000        0.0        2.2     -450.0        3.3       11.2        6.2       4.00       1.00       1.60       0.30       0.60       0.10       0.12       0.18      0.000      0.000      0.000      0.000      0.000      0.000      0.000      0.000      0.000       0.00       0.24       0.00       0.00       0.00       0.00       0.00       0.00       0.00       0.00       2.37       0.49       0.29     -29.13
      2011         13        7.2        0.0       11.0        6.2     3.2000        0.0        8.3     -450.0       10.5       11.7        6.8       4.01       1.01       1.61       0.30       0.60       0.10       0.12       0.18      0.000      0.000      0.000      0.000      0.000      0.000      0.000      0.000      0.000       0.00       0.24       0.00       0.00       0.00       0.00       0.00       0.00       0.00       0.00       6.24       0.49       0.29     -29.13
