Year  DOY Hour  Min  Dectime     Kdown       Kup     Ldown       Lup     Tsurf        QN        QF        QS        QH        QE       Rain        Irr       Evap         RO      TotCh     SurfCh      State  NWtrState   Drainage       SMD    Zenith   Azimuth   AlbBulk      Fcld       LAI     ustar        Lob        Fc        T2        Q2       U10
2012  362    1    0 362.0417    0.0000    0.0000  308.6020  353.4660    8.4500  -44.8640   43.4521  -50.9503   38.1549   11.3834   0.000000   0.000000   0.016488   0.000000  -0.016488  -0.016156  2799.9838   0.000000   0.000000   30.0004  150.3121   25.1438    0.1304    0.4359    0.0680    0.6895  -721.0651   19.3051    7.3986    6.8697    2.9245
2012  362    2    0 362.0833    0.0000    0.0000  308.0688  352.5916    8.2725  -44.5228   37.7875  -50.7843   33.3487   10.7004   0.000000   0.000000   0.015497   0.000000  -0.015497  -0.015184  2799.9687   0.000000   0.000000   30.0007  144.6835   48.6406    0.1304    0.4396    0.0680    0.6876  -808.7465   16.8825    7.3515    6.7902    2.9249
2012  362    3    0 362.1250    0.0000    0.0000  308.0885  351.7194    8.0875  -43.6309   35.6006  -50.2083   32.0451   10.1329   0.000000   0.000000   0.014674   0.000000  -0.014674  -0.014376  2799.9543   0.000000   0.000000   30.0011  136.8059   66.5264    0.1304    0.4489    0.0680    0.6775  -810.2341   15.9466    7.1936    6.7078    2.8819
2012  362    4    0 362.1667    0.0000    0.0000  307.8644  351.4220    8.0275  -43.5575   34.4175  -50.1581   31.0457    9.9724   0.000000   0.000000   0.014441   0.000000  -0.014441  -0.014148  2799.9401   0.000000   0.000000   30.0014  127.8700   80.6872    0.1304    0.4498    0.0680    0.6761  -830.2272   15.4405    7.1596    6.6848    2.8776
2012  362    5    0 362.2083    0.0000    0.0000  307.8431  350.1615    7.7600  -42.3184   36.7478  -49.5472   34.5791    9.3975   0.000000   0.000000   0.013607   0.000000  -0.013607  -0.013317  2799.9268   0.000000   0.000000   30.0018  118.5771   92.7960    0.1304    0.4630    0.0680    0.6109  -569.5146   16.4351    6.7240    6.5667    2.5726
2012  362    6    0 362.2500    0.0000    0.0000  306.9637  349.3645    7.6025  -42.4008   50.8375  -49.5624   47.6040   10.3951   0.000000   0.000000   0.015049   0.000000  -0.015049  -0.014728  2799.9121   0.000000   0.000000   30.0021  109.3748  103.9540    0.1304    0.4622    0.0680    0.5860  -376.0281   22.4572    6.1406    6.4953    2.4284
2012  362    7    0 362.2917    0.0000    0.0000  306.8185  348.6517    7.4525  -41.8332   83.9285  -49.3760   78.3631   13.1081   0.000000   0.000000   0.018975   0.000000  -0.018975  -0.018595  2799.8935   0.000000   0.000000   30.0026  100.6160  114.8879    0.1304    0.4684    0.0680    0.6186  -273.2261   36.6020    5.1459    6.4251    2.5228
2012  362    8    0 362.3333    0.2442    0.0318  310.3702  350.0026    7.6911  -39.4201  114.4381  -48.0812   69.4990   53.6002   0.399600   0.000000   0.077622   0.049171   0.272808   0.272574  2800.1661   0.276424   0.060635   30.0023   91.8341  126.1082    0.1304    0.4920    0.0680    0.6773  -261.4876   49.6455    5.7599    6.4038    2.7557
2012  362    9    0 362.3750    3.4025    0.4437  315.2465  350.9593    7.8270  -32.7540  116.9119  -44.1823   36.3125   92.0277   0.999600   0.000000   0.133315   0.549814   0.316471   0.314059  2800.4801   0.502373   0.679394   29.9995   85.4026  137.9749    0.1304    0.5377    0.0680    0.6615  -232.8619   50.7035    6.8046    6.3376    2.6724
2012  362   10    0 362.4167   14.9942    1.9552  316.9113  353.3300    8.3067  -23.3797  110.5303  -38.5888   28.7865   96.9529   0.999600   0.000000   0.140486   0.689206   0.169907   0.156364  2800.6365   0.544901   0.864809   29.9838   80.0462  150.6878    0.1304    0.5384    0.0680    0.6545  -230.9213   47.9773    7.4878    6.5402    2.6425
2012  362   11    0 362.4583   24.0900    3.1413  315.0115  353.1869    8.3027  -17.2268  111.5341  -35.1198   25.0682  104.3590   1.200000   0.000000   0.151188   0.815788   0.233023   0.194518  2800.8310   0.600413   1.050638   29.9390   76.4893  164.2289    0.1304    0.5260    0.0680    0.7318  -313.0457   48.4056    7.6413    6.5358    3.0072
2012  362   12    0 362.5000   29.3025    3.8210  315.5999  352.9213    8.2383  -11.8399  112.2512  -33.0360   40.7466   92.7007   0.399600   0.000000   0.134295   0.351925  -0.086620  -0.122234  2800.7088   0.417720   0.475610   29.8976   75.0774  178.3189    0.1304    0.5398    0.0680    0.7323  -303.7777   48.7113    7.1652    6.5409    3.0046
2012  362   13    0 362.5417   52.6258    6.8624  315.6916  355.9982    8.8861    5.4568  112.7889  -24.0248   68.5864   73.6842   0.000000   0.000000   0.106762   0.075289  -0.182051  -0.198818  2800.5100   0.213304   0.112343   29.8781   75.9503  192.4728    0.1304    0.5241    0.0680    0.7554  -314.6085   48.9429    7.1258    6.9056    3.1040
2012  362   14    0 362.5833   67.8025    8.8414  312.1049  355.5913    8.8498   15.4747  114.9759  -17.6230   77.1423   70.9313   0.200400   0.000000   0.102734   0.036717   0.060949   0.051754  2800.5617   0.270153   0.055738   29.8674   79.0208  206.1799    0.1304    0.5011    0.0680    0.9201  -544.5615   49.8763    7.1118    6.9127    3.8695
2012  362   15    0 362.6250   55.2100    7.1994  305.5535  353.9000    8.5836   -0.3359  120.3536  -27.5857   81.1737   66.4297   0.000000   0.000000   0.096168   0.023514  -0.119682  -0.125961  2800.4358   0.155288   0.036086   29.8601   83.9931  219.1017    0.1304    0.4402    0.0680    0.8684  -460.0716   52.1747    6.6868    6.7690    3.6302
2012  362   16    0 362.6667   21.6150    2.8186  303.3275  352.2568    8.2671  -30.1330  127.1654  -47.9965  100.0020   45.0269   0.000000   0.000000   0.065178   0.003143  -0.068320  -0.072118  2800.3636   0.103774   0.008317   29.8557   90.1411  231.1600    0.1304    0.4104    0.0680    0.8001  -367.0356   55.0876    5.8054    6.6569    3.3137
2012  362   17    0 362.7083    2.3825    0.3107  302.6020  351.2838    8.0710  -46.6100  125.2653  -58.9792  103.1395   34.4949   0.000000   0.000000   0.049931   0.000547  -0.050479  -0.052955  2800.3107   0.073814   0.003615   29.8528   98.6295  242.5088    0.1304    0.3995    0.0680    0.7593  -331.4643   54.2758    5.4450    6.5821    3.1294
2012  362   18    0 362.7500    0.0000    0.0000  304.0996  351.3493    8.0642  -47.2497  108.7377  -56.6371   91.9998   26.1253   0.000000   0.000000   0.037821   0.000000  -0.037821  -0.039561  2800.2711   0.055772   0.002076   29.8508  107.2372  253.4736    0.1304    0.4121    0.0680    0.7085  -317.4768   47.2108    5.6116    6.5885    2.9132
2012  362   19    0 362.7917    0.0000    0.0000  304.1953  350.9981    7.9883  -46.8028   91.0988  -52.8261   76.0082   21.1139   0.000000   0.000000   0.030566   0.000000  -0.030566  -0.031880  2800.2392   0.043948   0.001566   29.8492  116.3631  264.5265    0.1304    0.4166    0.0680    0.7443  -449.6754   39.6702    6.0296    6.5599    3.1090
2012  362   20    0 362.8333    0.0000    0.0000  304.2036  350.3278    7.8458  -46.1241   79.1243  -51.3893   67.1877   17.2018   0.000000   0.000000   0.024901   0.000000  -0.024901  -0.025942  2800.2133   0.036009   0.001238   29.8480  125.6673  276.3325    0.1304    0.4235    0.0680    0.6424  -335.8463   34.5506    5.9359    6.4890    2.6484
2012  362   21    0 362.8750    0.0000    0.0000  304.3652  349.9738    7.7683  -45.6087   73.5315  -51.1445   64.0054   15.0619   0.000000   0.000000   0.021803   0.000000  -0.021803  -0.022654  2800.1906   0.030213   0.001010   29.8470  134.7349  289.8849    0.1304    0.4288    0.0680    0.5302  -202.0261   32.1593    5.7066    6.4441    2.1206
2012  362   22    0 362.9167    0.0000    0.0000  302.8544  349.2022    7.6250  -46.3478   70.8068  -51.5710   61.7033   14.3267   0.000000   0.000000   0.020735   0.000000  -0.020735  -0.021442  2800.1692   0.025455   0.000839   29.8462  142.9439  306.7107    0.1304    0.4214    0.0680    0.5198  -197.8891   30.9938    5.6160    6.3734    2.0768
2012  362   23    0 362.9583    0.0000    0.0000  297.1885  347.3102    7.3000  -50.1217   64.1743  -53.9005   54.2922   13.6609   0.000000   0.000000   0.019760   0.000000  -0.019760  -0.020355  2800.1488   0.021496   0.000704   29.8455  149.2378  328.7629    0.1304    0.3839    0.0680    0.4667  -161.4154   28.1567    5.4073    6.2238    1.8353
2012  363    0    0 363.0000    0.0000    0.0000  297.4040  345.9737    7.0108  -48.5698   54.1714  -53.3149   47.3412   11.5752   0.000000   0.000000   0.016742   0.000000  -0.016742  -0.017249  2800.1316   0.018446   0.000600   29.8449  152.0555  356.4109    0.1304    0.3992    0.0680    0.3873  -107.3111   23.8790    5.1597    6.0984    1.4666
2012  363    1    0 363.0417    0.0000    0.0000  300.4701  346.0609    6.9867  -45.5909   43.4489  -51.0835   39.3861    9.5554   0.000000   0.000000   0.013823   0.000000  -0.013823  -0.014265  2800.1173   0.016213   0.000522   29.8444  150.3094   24.9037    0.1304    0.4294    0.0680    0.3406   -89.0927   19.2942    5.3186    6.0905    1.2638
2012  363    2    0 363.0833    0.0000    0.0000  302.0690  345.0519    6.7475  -42.9829   37.7847  -49.2144   35.6053    8.4110   0.000000   0.000000   0.012168   0.000000  -0.012168  -0.012557  2800.1048   0.014655   0.000460   29.8440  144.7092   48.4395    0.1304    0.4567    0.0680    0.3661  -123.7360   16.8718    5.2968    5.9966    1.4061
2012  363    3    0 363.1250    0.0000    0.0000  299.8115  343.6047    6.4675  -43.7932   35.5980  -49.8977   33.4918    8.2107   0.000000   0.000000   0.011875   0.000000  -0.011875  -0.012218  2800.0926   0.013253   0.000406   29.8436  136.8471   66.3631    0.1304    0.4482    0.0680    0.3770  -142.8194   15.9356    5.1263    5.8833    1.4676
2012  363    4    0 363.1667    0.0000    0.0000  300.2481  343.2933    6.3942  -43.0452   34.4150  -49.9964   33.4694    7.8967   0.000000   0.000000   0.011420   0.000000  -0.011420  -0.011725  2800.0808   0.011997   0.000359   29.8432  127.9178   80.5489    0.1304    0.4562    0.0680    0.3607  -126.1027   15.4295    5.0169    5.8573    1.3882
2012  363    5    0 363.2083    0.0000    0.0000  302.8980  344.4399    6.6042  -41.5420   36.7451  -49.1987   36.4138    7.9881   0.000000   0.000000   0.011556   0.000000  -0.011556  -0.011826  2800.0690   0.010835   0.000319   29.8429  118.6258   92.6721    0.1304    0.4721    0.0680    0.3772  -133.6505   16.4266    5.1474    5.9470    1.4597
2012  363    6    0 363.2500    0.0000    0.0000  308.4454  345.6381    6.7842  -37.1927   50.8338  -46.5997   29.8183   30.4224   0.399600   0.000000   0.044033   0.057861   0.297706   0.297128  2800.3661   0.304372   0.071859   29.8422  109.4204  103.8372    0.1304    0.5196    0.0680    0.4387  -152.2571   22.4497    5.6918    5.9316    1.7173
2012  363    7    0 363.2917    0.0000    0.0000  313.3041  347.7457    7.1683  -34.4416   83.9223  -44.8972   37.1265   57.2514   0.200400   0.000000   0.082903   0.135256  -0.017759  -0.019072  2800.3471   0.267039   0.167535   29.8407  100.6550  114.7732    0.1304    0.5502    0.0680    0.5584  -196.5105   36.5954    6.0300    6.0152    2.2300
2012  363    8    0 363.3333    0.5600    0.0730  319.4699  350.5638    7.6841  -30.6069  114.4297  -43.0401   43.2044   83.6585   0.999600   0.000000   0.121223   0.535562   0.342815   0.338109  2800.6852   0.518746   0.664585   29.8352   91.8707  125.9923    0.1304    0.5888    0.0680    0.6605  -239.1553   49.6386    6.4874    6.1777    2.6727
2012  363    9    0 363.3750    6.4258    0.8379  326.0915  354.8099    8.4926  -23.1305  116.9033  -39.1520   44.9839   87.9410   0.800400   0.000000   0.127526   0.568375   0.104499   0.087646  2800.7728   0.512158   0.719762   29.8156   85.4185  137.8562    0.1304    0.6206    0.0680    0.6693  -237.6656   50.7001    7.2568    6.5329    2.7075
2012  363   10    0 363.4167   24.0367    3.1344  333.0460  360.3392    9.5578   -6.3910  110.5222  -29.5921   49.1092   84.6142   0.600000   0.000000   0.122808   0.420776   0.056416   0.031506  2800.8043   0.472909   0.547481   29.7867   80.0464  150.5663    0.1304    0.6512    0.0680    0.6766  -244.7072   47.9774    8.2145    7.0573    2.7419
2012  363   11    0 363.4583   37.0325    4.8290  339.2666  367.2686   10.9099    4.2014  111.5260  -23.0441   68.3132   70.4584   0.000000   0.000000   0.102359   0.112496  -0.214855  -0.232036  2800.5723   0.226972   0.158643   29.7667   76.4710  164.1073    0.1304    0.6510    0.0680    0.7003  -262.5585   48.4141    9.0793    7.8053    2.8500
2012  363   12    0 363.5000   31.8625    4.1549  343.0865  371.3926   11.7042   -0.5985  112.2429  -27.1171   92.2942   46.4673   0.000000   0.000000   0.067553   0.010655  -0.078208  -0.086495  2800.4858   0.151913   0.022863   29.7571   75.0396  178.2014    0.1304    0.6407    0.0680    0.7576  -333.9107   48.7266    9.3474    8.3290    3.1230
2012  363   13    0 363.5417   48.4125    6.3130  343.7324  375.2024   12.4699   10.6295  112.7807  -23.3683  107.8061   38.9724   0.000000   0.000000   0.056674   0.002129  -0.058802  -0.063706  2800.4221   0.106650   0.008430   29.7514   75.8938  192.3639    0.1304    0.6149    0.0680    0.8477  -441.6973   48.9603    9.9128    8.8043    3.5383
2012  363   14    0 363.5833   59.2075    7.7207  341.5847  377.7916   13.0209   15.2800  114.9674  -19.7178  115.0717   34.8935   0.000000   0.000000   0.050743   0.000290  -0.051033  -0.054154  2800.3679   0.075810   0.004085   29.7477   78.9485  206.0828    0.1304    0.5670    0.0680    0.8833  -489.1706   49.8980   10.3616    9.1508    3.7018
2012  363   15    0 363.6250   30.8200    4.0189  340.1806  376.3000   12.7387   -9.3183  120.3448  -33.9137  115.4735   29.4666   0.000000   0.000000   0.042849   0.000000  -0.042849  -0.044932  2800.3230   0.056193   0.002488   29.7453   83.9092  219.0171    0.1304    0.5451    0.0680    0.8893  -516.5544   52.1974   10.0792    9.0017    3.7338
2012  363   16    0 363.6667    9.8850    1.2890  341.0102  374.3309   12.3295  -24.7247  127.1561  -46.0701  122.8957   25.6058   0.000000   0.000000   0.037235   0.000000  -0.037235  -0.038713  2800.2843   0.043540   0.001760   29.7436   90.0624  231.0864    0.1304    0.5607    0.0680    0.9027  -526.7468   55.1080    9.5285    8.7759    3.7928
2012  363   17    0 363.7083    1.2133    0.1582  341.2630  373.9658   12.2521  -31.6477  125.2561  -49.1583  119.6391   23.1276   0.000000   0.000000   0.033633   0.000000  -0.033633  -0.034732  2800.2496   0.035066   0.001305   29.7423   98.5283  242.4435    0.1304    0.5607    0.0680    0.9406  -621.0261   54.2962    9.5992    8.7427    3.9727
2012  363   18    0 363.7500    0.0583    0.0076  340.6687  374.5660   12.3817  -33.8466  108.7297  -47.6843  101.9420   20.6254   0.000000   0.000000   0.029994   0.000000  -0.029994  -0.030843  2800.2187   0.028973   0.001006   29.7413  107.1322  253.4130    0.1304    0.5458    0.0680    0.9215  -683.9460   47.2332   10.0871    8.8255    3.9031
2012  363   19    0 363.7917    0.1175    0.0153  340.2778  374.9191   12.4583  -34.5392   91.0921  -46.6761   84.8775   18.3516   0.000000   0.000000   0.026688   0.000000  -0.026688  -0.027368  2800.1913   0.024473   0.000806   29.7405  116.2558  264.4662    0.1304    0.5373    0.0680    0.9017  -766.4282   39.6946   10.5147    8.8782    3.8300
2012  363   20    0 363.8333    0.1050    0.0137  337.7154  375.4968   12.6090  -37.6901   79.1185  -47.9116   70.9043   18.4357   0.000000   0.000000   0.026806   0.000000  -0.026806  -0.027363  2800.1640   0.020753   0.000658   29.7399  125.5598  276.2661    0.1304    0.5025    0.0680    0.9847 -1161.6434   34.5777   11.0786    8.9724    4.2189
2012  363   21    0 363.8750    0.0142    0.0018  336.1773  374.5748   12.4427  -38.3851   73.5261  -48.4151   65.1916   18.3645   0.000000   0.000000   0.026698   0.000000  -0.026698  -0.027157  2800.1368   0.016967   0.000542   29.7393  134.6299  289.8021    0.1304    0.4963    0.0680    1.0223 -1384.2209   32.1859   11.0732    8.8788    4.3924
2012  363   22    0 363.9167    0.0000    0.0000  336.4398  372.6644   12.0517  -36.2247   70.8016  -46.8901   64.4713   16.9957   0.000000   0.000000   0.024705   0.000000  -0.024705  -0.025086  2800.1117   0.013934   0.000450   29.7389  142.8462  306.5939    0.1304    0.5208    0.0680    1.0147 -1391.9404   31.0184   10.6908    8.6589    4.3602
2012  363   23    0 363.9583    0.0000    0.0000  335.1880  371.9027   11.9133  -36.7147   64.1695  -46.7008   57.2570   16.8986   0.000000   0.000000   0.024560   0.000000  -0.024560  -0.024876  2800.0869   0.011841   0.000372   29.7385  149.1571  328.5879    0.1304    0.5158    0.0680    1.1328 -2135.6080   28.1825   10.8005    8.5876    4.8856
2012  364    0    0 364.0000    0.0000    0.0000  335.0456  371.1614   11.7642  -36.1158   54.4684  -46.5833   49.5781   15.3578   0.000000   0.000000   0.022319   0.000000  -0.022319  -0.022577  2800.0643   0.010153   0.000303   29.7382  152.0064  356.1759    0.1304    0.5228    0.0680    1.0991 -2236.0408   23.9404   10.7828    8.5101    4.7395
2012  364    1    0 364.0417    0.0000    0.0000  334.7115  371.2663   11.7900  -36.5548   45.6294  -46.8898   22.5781   33.3864   0.200400   0.000000   0.048518   0.007729   0.144153   0.143790  2800.2081   0.167668   0.009915   29.7378  150.2987   24.6609    0.1304    0.5179    0.0680    1.1259 -2831.5797   19.2767   11.3482    8.4858    4.8661
2012  364    2    0 364.0833    0.0000    0.0000  333.4117  370.9567   11.7442  -37.5450   38.3732  -47.4760    6.1317   42.1725   0.000000   0.000000   0.061280   0.015096  -0.076375  -0.076868  2800.1312   0.101059   0.019004   29.7372  144.7274   48.2327    0.1304    0.5072    0.0680    1.1620 -3613.6599   16.3306   11.6274    8.4471    5.0325
2012  364    3    0 364.1250    0.0000    0.0000  330.9023  371.0261   11.7917  -40.1238   37.6983  -49.0116   14.6493   31.9368   0.000000   0.000000   0.046398   0.003283  -0.049681  -0.050102  2800.0811   0.066711   0.004451   29.7368  136.8813   66.1935    0.1304    0.4796    0.0680    1.1359 -3506.1308   16.0569   11.5074    8.5035    4.9184
2012  364    4    0 364.1667    0.0000    0.0000  327.9684  371.6736   11.9625  -43.7052   38.0695  -51.1330   18.1235   27.3739   0.000000   0.000000   0.039762   0.000805  -0.040567  -0.040924  2800.0402   0.045025   0.001377   29.7363  127.9590   80.4046    0.1304    0.4424    0.0680    1.1103 -3358.7960   16.2089   11.6049    8.6175    4.8060
2012  364    5    0 364.2083    0.0000    0.0000  327.1218  371.5447   11.9475  -44.4229   40.7020  -51.5453   23.2426   24.5818   0.000000   0.000000   0.035704   0.000000  -0.035704  -0.036004  2800.0042   0.030919   0.000355   29.7360  118.6681   92.5428    0.1304    0.4352    0.0680    1.1957 -3980.2585   17.2774   11.5124    8.6262    5.1819
2012  364    6    0 364.2500    0.0000    0.0000  327.7870  370.6309   11.7525  -42.8439   50.3881  -50.1716    9.6960   48.0198   0.200400   0.000000   0.069745   0.010043   0.120612   0.120215  2800.1244   0.168581   0.012692   29.7355  109.4594  103.7156    0.1304    0.4515    0.0680    1.4175 -5409.3455   21.2083   11.5865    8.4817    6.1538
2012  364    7    0 364.2917    0.0000    0.0000  326.9656  370.2832   11.6925  -43.3177   75.5653  -50.0029   21.8013   60.4492   0.000000   0.000000   0.087791   0.013308  -0.101099  -0.101599  2800.0228   0.085443   0.016727   29.7349  100.6873  114.6543    0.1304    0.4468    0.0680    1.4868 -4391.7145   31.4291   11.3381    8.4340    6.4465
2012  364    8    0 364.3333    0.7200    0.0939  326.6791  369.8167   11.6011  -42.5115  102.0587  -49.7413   68.2606   41.0278   0.000000   0.000000   0.059581   0.001696  -0.061277  -0.061676  2799.9611   0.049869   0.002489   29.7345   91.8988  125.8729    0.1304    0.4494    0.0680    1.2938 -2126.9120   42.1839   10.3789    8.4191    5.5823
2012  364    9    0 364.3750    7.5708    0.9872  326.4844  370.2235   11.6867  -37.1555  110.9685  -46.8018   87.9623   32.6526   0.000000   0.000000   0.047417   0.000099  -0.047517  -0.047836  2799.9133   0.031498   0.000496   29.7341   85.4273  137.7346    0.1304    0.4481    0.0680    1.2485 -1704.5110   45.8010   10.0713    8.4912    5.3791
2012  364   10    0 364.4167   23.1317    3.0164  326.4397  370.7203   11.7887  -24.1652  107.8973  -38.9646   94.7057   27.9911   0.000000   0.000000   0.040646   0.000000  -0.040646  -0.040904  2799.8724   0.020705   0.000304   29.7338   80.0391  150.4432    0.1304    0.4539    0.0680    1.2314 -1605.0111   44.5533   10.0317    8.5673    5.3015
2012  364   11    0 364.4583   26.9717    3.5171  327.1470  370.4635   11.7269  -19.8620  108.3698  -36.1417   99.2245   25.4251   0.000000   0.000000   0.036920   0.000000  -0.036920  -0.037131  2799.8352   0.014144   0.000248   29.7336   76.4450  163.9851    0.1304    0.4668    0.0680    1.2860 -1796.5836   44.7443    9.9408    8.5480    5.5444
2012  364   12    0 364.5000   44.3000    5.7767  328.5252  371.5272   11.9253   -4.4787  109.2136  -28.5758  108.7675   24.5432   0.000000   0.000000   0.035643   0.000000  -0.035643  -0.035796  2799.7995   0.009695   0.000178   29.7334   74.9941  178.0846    0.1304    0.4829    0.0680    1.2903 -1691.1787   45.0865    9.9701    8.6739    5.5588
2012  364   13    0 364.5417   30.2983    3.9509  331.4470  368.6744   11.3036  -10.8800  106.4123  -32.1691   82.1129   45.5886   0.200400   0.000000   0.066209   0.007131   0.127059   0.126796  2799.9262   0.156838   0.009031   29.7331   75.8300  192.2571    0.1304    0.5361    0.0680    1.3282 -1923.1744   43.9463    9.8590    8.2890    5.7307
2012  364   14    0 364.5833   16.9367    2.2085  332.7018  367.1307   10.9701  -19.7007  103.9824  -39.4537   72.6554   51.0799   0.000000   0.000000   0.074187   0.011984  -0.086171  -0.086550  2799.8397   0.086014   0.015016   29.7326   78.8692  205.9890    0.1304    0.5575    0.0680    1.2635 -1707.7314   42.9588    9.6431    8.0987    5.4442
2012  364   15    0 364.6250   16.6950    2.1770  333.3331  367.8468   11.1088  -19.9957  106.8173  -40.7690   69.2142   58.3764   0.200400   0.000000   0.084793   0.021971   0.093636   0.093162  2799.9329   0.191775   0.027255   29.7321   83.8188  218.9367    0.1304    0.5560    0.0680    1.1883 -1388.5894   44.1107    9.7921    8.1563    5.1046
2012  364   16    0 364.6667    7.4167    0.9671  328.8725  365.6698   10.7205  -30.3478  113.6685  -45.1843   73.0253   55.4797   0.000000   0.000000   0.080553   0.020144  -0.100697  -0.101283  2799.8316   0.103099   0.025126   29.7314   89.9786  231.0177    0.1304    0.5237    0.0680    0.8912  -586.5625   46.8903    9.0071    7.9200    3.7539
2012  364   17    0 364.7083    0.8458    0.1103  322.9214  361.3585    9.9080  -37.7016  110.4960  -49.6616   66.1871   56.2690   0.200400   0.000000   0.081634   0.026581   0.092186   0.091515  2799.9231   0.204385   0.033075   29.7306   98.4214  242.3837    0.1304    0.5022    0.0680    0.7899  -420.9393   45.5976    8.2434    7.4677    3.2911
2012  364   18    0 364.7500    0.0000    0.0000  318.1781  357.0565    9.0742  -38.8785   96.5237  -50.0062   40.7386   66.9129   0.200400   0.000000   0.097011   0.066213   0.037177   0.036148  2799.9592   0.238592   0.081950   29.7294  107.0218  253.3584    0.1304    0.4982    0.0680    0.8035  -505.1298   39.9200    8.0640    7.0141    3.3710
2012  364   19    0 364.7917    0.0000    0.0000  315.6708  354.4719    8.5650  -38.8011   83.8339  -48.5639   44.5674   49.0293   0.000000   0.000000   0.071055   0.034393  -0.105449  -0.106603  2799.8526   0.136364   0.043248   29.7281  116.1435  264.4125    0.1304    0.4998    0.0680    0.7347  -445.2373   34.7652    7.3898    6.8095    3.0677
2012  364   20    0 364.8333    0.0000    0.0000  312.6527  353.5013    8.4017  -40.8487   73.2365  -49.1788   49.1137   32.4530   0.000000   0.000000   0.047018   0.006598  -0.053617  -0.054572  2799.7981   0.093693   0.009100   29.7270  125.4472  276.2072    0.1304    0.4779    0.0680    0.7265  -497.2066   30.4620    7.0993    6.7800    3.0464
2012  364   21    0 364.8750    0.0000    0.0000  311.5971  352.3218    8.1667  -40.7247   70.6716  -49.2398   54.4174   24.7692   0.000000   0.000000   0.035879   0.001817  -0.037696  -0.038494  2799.7596   0.068977   0.003106   29.7261  134.5194  289.7276    0.1304    0.4795    0.0680    0.7124  -482.6337   29.4193    6.7057    6.6923    2.9840
2012  364   22    0 364.9167    0.0000    0.0000  309.1977  352.0355    8.1392  -42.8378   71.5828  -50.2149   56.8027   22.1573   0.000000   0.000000   0.032090   0.000555  -0.032644  -0.033315  2799.7263   0.051576   0.001453   29.7253  142.7424  306.4859    0.1304    0.4572    0.0680    0.7579  -587.2758   29.7891    6.6753    6.6897    3.1943
2012  364   23    0 364.9583    0.0000    0.0000  303.9107  350.1563    7.8133  -46.2455   64.7654  -52.2017   50.1605   20.5611   0.000000   0.000000   0.029762   0.000000  -0.029762  -0.030325  2799.6959   0.039053   0.000666   29.7246  149.0692  328.4209    0.1304    0.4223    0.0680    0.8794 -1025.5174   27.0196    6.6480    6.5515    3.7593
2012  365    0    0 365.0000    0.0000    0.0000  300.6248  347.3747    7.2658  -46.7499   55.9394  -52.5877   45.3256   16.4515   0.000000   0.000000   0.023802   0.000000  -0.023802  -0.024280  2799.6717   0.030835   0.000565   29.7241  151.9492  355.9445    0.1304    0.4174    0.0680    0.7664  -779.0666   23.4127    6.1106    6.3133    3.2567
2012  365    1    0 365.0417    0.0000    0.0000  297.2715  345.6467    6.9425  -48.3752   45.0977  -53.0648   35.7709   14.0164   0.000000   0.000000   0.020271   0.000000  -0.020271  -0.020685  2799.6510   0.024982   0.000489   29.7236  150.2798   24.4158    0.1304    0.4012    0.0680    0.7055  -765.4839   18.8146    5.9790    6.1755    2.9969
2012  365    2    0 365.0833    0.0000    0.0000  294.7412  344.0784    6.6408  -49.3372   37.9261  -53.4571   29.5341   12.5119   0.000000   0.000000   0.018089   0.000000  -0.018089  -0.018453  2799.6325   0.020627   0.000429   29.7232  144.7381   48.0204    0.1304    0.3916    0.0680    0.6854  -838.8836   15.9358    5.8294    6.0481    2.9179
2012  365    3    0 365.1250    0.0000    0.0000  291.7042  343.0954    6.4717  -51.3912   37.2590  -54.5386   27.7364   12.6700   0.000000   0.000000   0.018313   0.000000  -0.018313  -0.018632  2799.6139   0.017161   0.000376   29.7228  136.9087   66.0178    0.1304    0.3714    0.0680    0.7075  -963.2766   15.6673    5.7268    5.9734    3.0210
2012  365    4    0 365.1667    0.0000    0.0000  290.4327  342.5607    6.3742  -52.1280   37.6259  -54.9303   27.6745   12.7537   0.000000   0.000000   0.018431   0.000000  -0.018431  -0.018709  2799.5952   0.014256   0.000327   29.7225  127.9937   80.2546    0.1304    0.3642    0.0680    0.7348 -1078.1875   15.8140    5.6508    5.9303    3.1444
2012  365    5    0 365.2083    0.0000    0.0000  290.7503  341.8488    6.2158  -51.0985   40.2277  -54.1559   31.0947   12.1903   0.000000   0.000000   0.017616   0.000000  -0.017616  -0.017858  2799.5773   0.011863   0.000285   29.7222  118.7039   92.4082    0.1304    0.3741    0.0680    0.7155  -926.2984   16.8570    5.3888    5.8639    3.0526
2012  365    6    0 365.2500    0.0000    0.0000  291.3355  341.7791    6.1925  -50.4436   49.8009  -53.4800   40.4254   12.4119   0.000000   0.000000   0.017937   0.000000  -0.017937  -0.018136  2799.5592   0.009787   0.000232   29.7220  109.4920  103.5893    0.1304    0.3805    0.0680    0.6896  -674.7822   20.6976    5.0908    5.8490    2.9189
2012  365    7    0 365.2917    0.0000    0.0000  291.4569  341.8679    6.2100  -50.4110   74.6847  -53.4691   63.6529   14.0898   0.000000   0.000000   0.020362   0.000000  -0.020362  -0.020530  2799.5386   0.007848   0.000195   29.7218  100.7129  114.5313    0.1304    0.3808    0.0680    0.6585  -394.4698   30.6808    4.4278    5.8438    2.7340
2012  365    8    0 365.3333    1.8875    0.2461  291.4846  342.0550    6.2501  -48.9290  100.8694  -52.8463   88.8674   15.9193   0.000000   0.000000   0.023006   0.000000  -0.023006  -0.023151  2799.5155   0.006598   0.000169   29.7216   91.9183  125.7500    0.1304    0.3806    0.0680    0.6883  -324.7972   41.1860    3.8442    5.8511    2.8339
2012  365    9    0 365.3750   21.1225    2.7544  291.9335  343.5342    6.5628  -33.2326  109.6754  -44.1508  103.3338   17.2597   0.000000   0.000000   0.024945   0.000000  -0.024945  -0.025070  2799.4904   0.005624   0.000146   29.7214   85.4290  137.6105    0.1304    0.3836    0.0680    0.7430  -353.4808   44.7190    3.9082    5.9762    3.0720
2012  365   10    0 365.4167   78.5850   10.2475  294.2946  349.7298    7.8551   12.9024  106.6400  -16.9937  116.7315   19.8046   0.000000   0.000000   0.028633   0.000000  -0.028633  -0.028737  2799.4617   0.004282   0.000120   29.7213   80.0243  150.3183    0.1304    0.3853    0.0680    0.7723  -350.1278   43.5036    4.9336    6.5260    3.1916
2012  365   11    0 365.4583  135.6500   17.6888  296.4304  357.0067    9.3604   57.3849  107.1070   10.6476  130.8821   22.9622   0.000000   0.000000   0.033213   0.000000  -0.033213  -0.032949  2799.4287   0.003079   0.000091   29.7216   76.4113  163.8624    0.1304    0.3740    0.0680    0.8081  -356.2124   43.6946    6.1802    7.2211    3.3420
2012  365   12    0 365.5000  137.8975   17.9818  298.5248  360.8983   10.1432   57.5422  107.9409    9.2797  131.3973   24.8060   0.000000   0.000000   0.035897   0.000000  -0.035897  -0.035557  2799.3932   0.002024   0.000061   29.7220   74.9409  177.9686    0.1304    0.3584    0.0680    0.8751  -446.9139   44.0335    7.1111    7.6087    3.6545
2012  365   13    0 365.5417   88.4825   11.5381  300.9187  359.7486    9.8719   18.1145  105.1723  -20.8184  120.7406   23.3646   0.000000   0.000000   0.033823   0.000000  -0.033823  -0.033540  2799.3596   0.001299   0.000015   29.7224   75.7587  192.1525    0.1304    0.3594    0.0680    0.8427  -434.1501   42.9254    7.0081    7.4715    3.5155
2012  365   14    0 365.5833   88.8892   11.5911  304.1080  361.2312   10.1367   20.1748  102.7707  -25.7431  125.4299   23.2587   0.000000   0.000000   0.033682   0.000000  -0.033682  -0.033371  2799.3263   0.000642   0.000000   29.7227   78.7828  205.8984    0.1304    0.3757    0.0680    0.8160  -382.2214   41.9635    7.0947    7.6044    3.3859
2012  365   15    0 365.6250   67.2675    8.7717  306.9773  361.7406   10.2036    3.7325  105.5726  -30.4770  117.9234   21.8586   0.000000   0.000000   0.031666   0.000000  -0.031666  -0.031408  2799.2949   0.000149   0.000000   29.7230   83.7219  218.8604    0.1304    0.3836    0.0680    0.7585  -327.6169   43.0900    7.1939    7.6400    3.1244
2012  365   16    0 365.6667   19.8125    2.5835  307.5567  360.3028    9.8971  -35.5172  112.3439  -51.5437  107.5588   20.8117   0.000000   0.000000   0.030155   0.000000  -0.030155  -0.030058  2799.2648   0.000000   0.000000   29.7231   89.8895  230.9539    0.1304    0.3712    0.0680    0.7808  -390.6201   45.8090    7.2000    7.4849    3.2425
2012  365   17    0 365.7083    1.8083    0.2358  308.8242  360.2246    9.8637  -49.8278  109.2084  -61.9663  100.5693   20.7776   0.000000   0.000000   0.030111   0.000000  -0.030111  -0.029809  2799.2350   0.000000   0.000000   29.7235   98.3089  242.3294    0.1304    0.3719    0.0680    0.8075  -458.7254   44.5525    7.3976    7.4659    3.3759
2012  365   18    0 365.7500    0.0000    0.0000  310.4806  359.8466    9.7625  -49.3660   95.3989  -57.8579   84.8272   19.0636   0.000000   0.000000   0.027630   0.000000  -0.027630  -0.027115  2799.2079   0.000000   0.000000   29.7241  106.9063  253.3100    0.1304    0.3901    0.0680    0.7918  -509.7859   39.0117    7.6530    7.4165    3.3223
2012  365   19    0 365.7917    0.0000    0.0000  312.6788  359.2383    9.6058  -46.5594   82.8570  -52.1356   71.2438   17.1894   0.000000   0.000000   0.024917   0.000000  -0.024917  -0.024474  2799.1834   0.000000   0.000000   29.7246  116.0261  264.3656    0.1304    0.4177    0.0680    0.8637  -783.2876   33.9790    7.9352    7.3463    3.6700
2012  365   20    0 365.8333    0.0000    0.0000  315.1323  360.3620    9.8067  -45.2297   72.3831  -50.4858   61.1391   16.5001   0.000000   0.000000   0.023924   0.000000  -0.023924  -0.023517  2799.1599   0.000000   0.000000   29.7251  125.3296  276.1557    0.1304    0.4307    0.0680    0.9391 -1148.2006   29.7783    8.4535    7.4537    4.0229
2012  365   21    0 365.8750    0.0000    0.0000  317.6798  361.5142   10.0117  -43.8344   69.8480  -49.9658   60.2014   15.7780   0.000000   0.000000   0.022883   0.000000  -0.022883  -0.022480  2799.1374   0.000000   0.000000   29.7255  134.4037  289.6614    0.1304    0.4446    0.0680    0.8968 -1022.8449   28.7626    8.6346    7.5602    3.8338
2012  365   22    0 365.9167    0.0000    0.0000  321.5624  364.5199   10.5817  -42.9576   70.7486  -49.6591   61.3507   16.0995   0.000000   0.000000   0.023362   0.000000  -0.023362  -0.022944  2799.1145   0.000000   0.000000   29.7260  142.6326  306.3868    0.1304    0.4526    0.0680    0.9001 -1017.3465   29.1277    9.1782    7.8577    3.8470
2012  365   23    0 365.9583    0.0000    0.0000  323.4199  366.7725   11.0208  -43.3526   64.0107  -50.0231   53.7955   16.8856   0.000000   0.000000   0.024510   0.000000  -0.024510  -0.024101  2799.0904   0.000000   0.000000   29.7265  148.9744  328.2620    0.1304    0.4478    0.0680    1.0294 -1681.9854   26.4275    9.8974    8.0967    4.4343
2012  366    0    0 366.0000    0.0000    0.0000  325.0515  367.9382   11.2383  -42.8867   55.0502  -49.9703   46.0475   16.0864   0.000000   0.000000   0.023355   0.000000  -0.023355  -0.022960  2799.0674   0.000000   0.000000   29.7270  151.8840  355.7170    0.1304    0.4521    0.0680    1.0196 -1863.3702   22.9258   10.2706    8.2181    4.3974
2012  366    1    0 366.0417    0.0000    0.0000  325.7290  368.5924   11.3633  -42.8634   43.0419  -49.9245   35.2235   14.8795   0.000000   0.000000   0.021605   0.000000  -0.021605  -0.021228  2799.0462   0.000000   0.000000   29.7274  150.2527   24.1688    0.1304    0.4521    0.0680    0.9850 -2118.5679   18.9913   10.6099    8.2917    4.2502
2012  366    2    0 366.0833    0.0000    0.0000  325.2250  368.9911   11.4517  -43.7661   37.4308  -50.4462   29.5012   14.6097   0.000000   0.000000   0.021213   0.000000  -0.021213  -0.020837  2799.0253   0.000000   0.000000   29.7278  144.7413   47.8029    0.1304    0.4428    0.0680    0.9675 -2296.4894   16.6138   10.8124    8.3449    4.1734
2012  366    3    0 366.1250    0.0000    0.0000  325.2506  369.1557   11.4850  -43.9051   35.2645  -50.6456   27.8306   14.1745   0.000000   0.000000   0.020581   0.000000  -0.020581  -0.020204  2799.0051   0.000000   0.000000   29.7283  136.9291   65.8362    0.1304    0.4413    0.0680    0.9249 -2117.7118   15.6959   10.8606    8.3684    3.9908
2012  366    4    0 366.1667    0.0000    0.0000  326.0821  369.3892   11.5217  -43.3071   34.0926  -50.2432   26.4393   14.5895   0.000000   0.000000   0.021186   0.000000  -0.021186  -0.020821  2798.9843   0.000000   0.000000   29.7287  128.0217   80.0989    0.1304    0.4473    0.0680    1.0174 -2890.0252   15.1995   10.9675    8.3978    4.3984
2012  366    5    0 366.2083    0.0000    0.0000  327.9617  369.1532   11.4483  -41.1915   36.4009  -48.9136   10.9929   33.1301   0.200400   0.000000   0.048115   0.007719   0.144566   0.144470  2799.1288   0.158341   0.009590   29.7286  118.7332   92.2686    0.1304    0.4692    0.0680    1.0692 -3092.0068   16.1773   11.2242    8.3205    4.6251
2012  366    6    0 366.2500    0.0000    0.0000  328.6301  368.5212   11.3100  -39.8912   50.3576  -48.0641   14.2091   44.3215   0.000000   0.000000   0.064367   0.014710  -0.079077  -0.079302  2799.0495   0.090531   0.018214   29.7283  109.5180  103.4584    0.1304    0.4831    0.0680    1.1024 -2535.6064   22.0914   11.0282    8.2253    4.7602
2012  366    7    0 366.2917    0.0000    0.0000  329.4877  366.9696   10.9800  -37.4818   83.1362  -46.8580   57.9972   34.5151   0.000000   0.000000   0.050122   0.002879  -0.053001  -0.053192  2798.9963   0.055569   0.003687   29.7281  100.7318  114.4043    0.1304    0.5098    0.0680    1.0690 -1440.5292   35.9812    9.7951    8.0748    4.5942
2012  366    8    0 366.3333    0.4558    0.0594  331.5179  365.5837   10.6674  -33.6694  113.3579  -44.7622   96.0306   28.4201   0.000000   0.000000   0.041272   0.000542  -0.041814  -0.041974  2798.9543   0.035544   0.000835   29.7279   91.9289  125.6238    0.1304    0.5487    0.0680    1.0652 -1023.7327   48.7875    8.7064    7.9281    4.5539
2012  366    9    0 366.3750    4.0375    0.5265  331.7092  366.6377   10.8820  -31.4175  115.8083  -43.5127  102.7775   25.1260   0.000000   0.000000   0.036491   0.000000  -0.036491  -0.036626  2798.9177   0.023512   0.000161   29.7278   85.4236  137.4838    0.1304    0.5414    0.0680    1.1526 -1263.0517   49.8272    8.8914    8.0602    4.9454
2012  366   10    0 366.4167   13.4242    1.7505  332.7594  367.1771   10.9788  -22.7441  109.4869  -39.0769   79.9565   45.8633   0.200400   0.000000   0.066613   0.009942   0.123844   0.123608  2799.0413   0.164524   0.012387   29.7275   80.0020  150.1919    0.1304    0.5547    0.0680    1.2056 -1464.7961   47.1478    9.4765    8.0707    5.1842
2012  366   11    0 366.4583   37.4850    4.8880  333.3883  369.4830   11.4434   -3.4978  110.4813  -27.8321   38.5040   96.3116   0.399600   0.000000   0.139899   0.112735   0.146966   0.146241  2799.1875   0.301267   0.138631   29.7266   76.3700  163.7393    0.1304    0.5543    0.0680    1.2599 -1556.5960   47.5701   10.7407    8.2248    5.4221
2012  366   12    0 366.5000   42.3575    5.5234  332.8937  370.6369   11.6858   -0.9091  111.1916  -25.7404   55.3226   80.7003   0.000000   0.000000   0.117226   0.056452  -0.173678  -0.174774  2799.0128   0.131165   0.070121   29.7254   74.8802  177.8535    0.1304    0.5391    0.0680    1.2685 -1573.6150   47.8723   10.6802    8.4066    5.4599
2012  366   13    0 366.5417   44.3983    5.7895  333.3349  370.6372   11.6800    1.3064  111.7242  -26.5947   92.4341   47.1913   0.000000   0.000000   0.068552   0.005112  -0.073664  -0.074509  2798.9383   0.077418   0.007141   29.7244   75.6800  192.0500    0.1304    0.5458    0.0680    1.2323 -1403.1667   48.0978    9.9644    8.4857    5.2959
2012  366   14    0 366.5833   22.6358    2.9517  334.4215  368.9792   11.3264  -14.8736  113.8905  -37.1698   45.1423   91.0444   0.600000   0.000000   0.132263   0.148320   0.319417   0.317929  2799.2562   0.380652   0.183333   29.7227   78.6896  205.8112    0.1304    0.5598    0.0680    1.1865 -1284.8341   49.0156   10.4710    8.1885    5.0923
2012  366   15    0 366.6250   10.1825    1.3278  335.7430  367.7047   11.0473  -23.1069  119.2175  -43.4367   15.9107  123.6366   1.400400   0.000000   0.179619   0.851156   0.369624   0.358866  2799.6151   0.599746   1.060665   29.7101   83.6187  218.7884    0.1304    0.5800    0.0680    1.0865  -961.4880   51.2726   10.7249    7.9490    4.6387
2012  366   16    0 366.6667    2.9633    0.3864  336.8796  367.5601   11.0024  -28.1036  125.9650  -45.5811   23.3637  120.0789   0.800400   0.000000   0.174469   0.582559   0.043372   0.012910  2799.6280   0.514288   0.753376   29.6747   89.7950  230.8952    0.1304    0.5890    0.0680    1.0668  -882.9825   54.1327   10.5216    7.9373    4.5467
2012  366   17    0 366.7083    0.3025    0.0394  337.9136  367.5924   10.9952  -29.4157  124.0828  -44.7430   30.1769  109.2331   0.600000   0.000000   0.158724   0.391504   0.049772   0.020262  2799.6482   0.468567   0.516847   29.6404   98.1909  242.2807    0.1304    0.5985    0.0680    0.9925  -734.3275   53.3352   10.3415    7.9474    4.2109
2012  366   18    0 366.7500    0.0875    0.0114  336.7508  367.5300   10.9979  -30.7031  107.7113  -44.6399   47.6458   74.0023   0.000000   0.000000   0.107524   0.105052  -0.212576  -0.230495  2799.4177   0.225869   0.150357   29.6196  106.7858  253.2678    0.1304    0.5854    0.0680    0.8074  -454.9145   46.3967    9.7999    8.0087    3.3739
2012  366   19    0 366.7917    0.0900    0.0117  333.8750  366.6905   10.8638  -32.7372   90.2388  -45.4741   61.7135   41.2622   0.000000   0.000000   0.059937   0.010588  -0.070525  -0.079089  2799.3386   0.156746   0.023129   29.6096  115.9038  264.3255    0.1304    0.5622    0.0680    0.7126  -370.6478   38.9906    9.1873    8.0203    2.9526
2012  366   20    0 366.8333    0.0275    0.0036  333.7813  365.9641   10.7154  -32.1589   78.3774  -45.1399   63.3507   28.0077   0.000000   0.000000   0.040681   0.002742  -0.043423  -0.048699  2799.2899   0.120257   0.009631   29.6035  125.2071  276.1117    0.1304    0.5697    0.0680    0.6168  -272.1058   33.9626    8.8207    7.9730    2.5152
2012  366   21    0 366.8750    0.0025    0.0003  333.6398  365.0689   10.5325  -31.4269   72.8374  -44.3867   63.4935   22.3037   0.000000   0.000000   0.032393   0.000999  -0.033392  -0.037057  2799.2529   0.095686   0.005593   29.5992  134.2828  289.6035    0.1304    0.5789    0.0680    0.5584  -215.2097   31.6133    8.5061    7.8902    2.2438
2012  366   22    0 366.9167    0.0000    0.0000  332.2097  363.8554   10.3008  -31.6457   70.1384  -44.3600   63.6993   19.1533   0.000000   0.000000   0.027812   0.000141  -0.027952  -0.030657  2799.2222   0.077838   0.003414   29.5961  142.5169  306.2967    0.1304    0.5769    0.0680    0.5300  -190.5178   30.4679    8.1993    7.7783    2.1119
2012  366   23    0 366.9583    0.0000    0.0000  330.3493  362.9300   10.1342  -32.5807   63.5685  -45.0397   59.5085   16.5190   0.000000   0.000000   0.023981   0.000000  -0.023981  -0.026058  2799.1962   0.064452   0.002488   29.5937  148.8726  328.1114    0.1304    0.5665    0.0680    0.5116  -187.4712   27.6823    8.1244    7.6990    2.0360
