      Year        DOY     HDD1_h     HDD2_c HDD3_Tmean   HDD4_T5d      P/day     DaysSR     GDD1_g     GDD2_s  GDD3_Tmin  GDD4_Tmax GDD5_DLHrs  LAI_EveTr  LAI_DecTr  LAI_Grass   DecidCap   Porosity   AlbEveTr   AlbDecTr   AlbGrass  WU_EveTr1  WU_EveTr2  WU_EveTr3  WU_DecTr1  WU_DecTr2  WU_DecTr3  WU_Grass1  WU_Grass2  WU_Grass3   deltaLAI   LAIlumps    AlbSnow   DSnowPvd DSnowBldgs DSnowEveTr DSnowDecTr DSnowGrass DSnowBSoil DSnowWater BoAnOHMEnd    a1AnOHM    a2AnOHM    a3AnOHM
      2004         43       19.5        0.0       -1.3       -1.3     2.1833        0.0        0.0      -12.7       -5.1        1.6        8.1       4.00       1.00       1.60       0.30       0.60       0.10       0.12       0.18      0.000      0.000      0.000      0.000      0.000      0.000      0.000      0.000      0.000       0.00       0.00       0.00       0.00       0.00       0.00       0.00       0.00       0.00       0.00      10.00       0.26       0.05       7.64
      2004         44       17.3        0.0        0.9       -0.9     0.8083        0.0        0.0      -23.1       -0.3        1.5        7.8       4.00       1.00       1.60       0.30       0.60       0.10       0.12       0.18      0.000      0.000      0.000      0.000      0.000      0.000      0.000      0.000      0.000       0.00       0.00       0.00       0.00       0.00       0.00       0.00       0.00       0.00       0.00      14.61       0.18       0.61       3.49
      2004         45       18.3        0.0       -0.1       -0.6     0.1083        0.0        0.0      -34.5       -2.4        1.6        9.0       4.00       1.00       1.60       0.30       0.60       0.10       0.12       0.18      0.000      0.000      0.000      0.000      0.000      0.000      0.000      0.000      0.000       0.00       0.00       0.00       0.00       0.00       0.00       0.00       0.00       0.00       0.00      19.14       0.28       0.61      16.89
      2004         46       17.2        0.0        1.0       -0.2     0.0000        1.0        0.0      -43.9       -2.6        5.8        9.3       4.00       1.00       1.60       0.30       0.60       0.10       0.12       0.18      0.000      0.000      0.000      0.000      0.000      0.000      0.000      0.000      0.000       0.00       0.00       0.00       0.00       0.00       0.00       0.00       0.00       0.00       0.00      12.98       0.47       0.56      13.52
      2004         47       17.5        0.0        0.7        0.2     1.7917        0.0        0.0      -54.1       -1.4        3.0        8.7       4.00       1.00       1.60       0.30       0.60       0.10       0.12       0.18      0.000      0.000      0.000      0.000      0.000      0.000      0.000      0.000      0.000       0.00       0.00       0.00       0.00       0.00       0.00       0.00       0.00       0.00       0.00       8.98       0.25       0.15       3.47
      2004         48       15.5        0.0        2.7        1.0     0.7083        0.0        0.0      -62.3        0.7        5.0        8.9       4.00       1.00       1.60       0.30       0.60       0.10       0.12       0.18      0.000      0.000      0.000      0.000      0.000      0.000      0.000      0.000      0.000       0.00       0.00       0.00       0.00       0.00       0.00       0.00       0.00       0.00       0.00       5.29       0.19       0.02       4.34
      2004         49       17.1        0.0        1.1        1.1     0.0000        1.0        0.0      -72.3       -1.5        3.4        9.8       4.00       1.00       1.60       0.30       0.60       0.10       0.12       0.18      0.000      0.000      0.000      0.000      0.000      0.000      0.000      0.000      0.000       0.00       0.00       0.00       0.00       0.00       0.00       0.00       0.00       0.00       0.00      27.13       0.18       0.35       8.58
      2004         50       18.6        0.0       -0.4        1.0     0.0000        2.0        0.0      -84.1       -2.9        1.2        9.8       4.00       1.00       1.60       0.30       0.60       0.10       0.12       0.18      0.000      0.000      0.000      0.000      0.000      0.000      0.000      0.000      0.000       0.00       0.00       0.00       0.00       0.00       0.00       0.00       0.00       0.00       0.00     942.78       0.26       0.51      11.82
      2004         51       16.6        0.0        1.6        1.2     0.0000        3.0        0.0      -93.0        0.3        4.0        9.8       4.00       1.00       1.60       0.30       0.60       0.10       0.12       0.18      0.000      0.000      0.000      0.000      0.000      0.000      0.000      0.000      0.000       0.00       0.00       0.00       0.00       0.00       0.00       0.00       0.00       0.00       0.00    1412.81       0.16       0.52      10.22
      2004         52       17.7        0.0        0.5        1.1     0.0000        4.0        0.0     -103.0       -1.9        3.9        9.9       4.00       1.00       1.60       0.30       0.60       0.10       0.12       0.18      0.000      0.000      0.000      0.000      0.000      0.000      0.000      0.000      0.000       0.00       0.00       0.00       0.00       0.00       0.00       0.00       0.00       0.00       0.00    1298.28       0.23       0.52      14.74
      2004         53       19.0        0.0       -0.8        0.4     0.6000        0.0        0.0     -113.7       -2.6        3.2        9.8       4.00       1.00       1.60       0.30       0.60       0.10       0.12       0.18      0.000      0.000      0.000      0.000      0.000      0.000      0.000      0.000      0.000       0.00       0.00       0.00       0.00       0.00       0.00       0.00       0.00       0.00       0.00      10.51       0.49       0.69      -7.41
      2004         54       20.0        0.0       -1.8       -0.2     0.2000        0.0        0.0     -126.5       -3.9        0.4       10.3       4.00       1.00       1.60       0.30       0.60       0.10       0.12       0.18      0.000      0.000      0.000      0.000      0.000      0.000      0.000      0.000      0.000       0.00       0.00       0.00       0.00       0.00       0.00       0.00       0.00       0.00       0.00      33.04       0.17       0.31      11.33
      2004         55       16.4        0.0        1.8        0.3     3.1000        0.0        0.0     -135.6       -0.6        4.4        9.2       4.00       1.00       1.60       0.30       0.60       0.10       0.12       0.18      0.000      0.000      0.000      0.000      0.000      0.000      0.000      0.000      0.000       0.00       0.00       0.00       0.00       0.00       0.00       0.00       0.00       0.00       0.00       8.36       0.13       0.33       9.31
      2004         56       16.7        0.0        1.5        0.3     0.0000        1.0        0.0     -145.2        0.5        2.3       10.0       4.00       1.00       1.60       0.30       0.60       0.10       0.12       0.18      0.000      0.000      0.000      0.000      0.000      0.000      0.000      0.000      0.000       0.00       0.00       0.00       0.00       0.00       0.00       0.00       0.00       0.00       0.00     682.99       0.11       0.19       0.49
      2004         57       17.2        0.0        1.0        0.4     0.0000        2.0        0.0     -155.4       -2.8        4.3       10.5       4.00       1.00       1.60       0.30       0.60       0.10       0.12       0.18      0.000      0.000      0.000      0.000      0.000      0.000      0.000      0.000      0.000       0.00       0.00       0.00       0.00       0.00       0.00       0.00       0.00       0.00       0.00    1348.33       0.30       0.55      14.04
      2004         58       17.4        0.0        0.8        0.7     0.0000        3.0        0.0     -166.0       -1.3        2.2       10.2       4.00       1.00       1.60       0.30       0.60       0.10       0.12       0.18      0.000      0.000      0.000      0.000      0.000      0.000      0.000      0.000      0.000       0.00       0.00       0.00       0.00       0.00       0.00       0.00       0.00       0.00       0.00     762.61       0.16       0.50       3.96
      2004         59       19.5        0.0       -1.3        0.8     0.2000        0.0        0.0     -178.2       -3.8        1.3        9.6       4.00       1.00       1.60       0.30       0.60       0.10       0.12       0.18      0.000      0.000      0.000      0.000      0.000      0.000      0.000      0.000      0.000       0.00       0.00       0.00       0.00       0.00       0.00       0.00       0.00       0.00       0.00       8.40       0.24       0.42       9.57
      2004         60       19.2        0.0       -1.0        0.2     0.0000        1.0        0.0     -190.5       -4.9        2.3       11.0       4.00       1.00       1.60       0.30       0.60       0.10       0.12       0.18      0.000      0.000      0.000      0.000      0.000      0.000      0.000      0.000      0.000       0.00       0.00       0.00       0.00       0.00       0.00       0.00       0.00       0.00       0.00     173.56       0.29       0.51       6.10
      2004         61       14.1        0.0        4.1        0.7     0.0000        2.0        0.0     -197.1        0.8        8.0       10.7       4.00       1.00       1.60       0.30       0.60       0.10       0.12       0.18      0.000      0.000      0.000      0.000      0.000      0.000      0.000      0.000      0.000       0.00       0.00       0.00       0.00       0.00       0.00       0.00       0.00       0.00       0.00    1132.53       0.31       0.60      16.03
      2004         62       13.9        0.0        4.3        1.4     0.0000        3.0        0.0     -204.4       -0.6        8.1       10.6       4.00       1.00       1.60       0.30       0.60       0.10       0.12       0.18      0.000      0.000      0.000      0.000      0.000      0.000      0.000      0.000      0.000       0.00       0.00       0.00       0.00       0.00       0.00       0.00       0.00       0.00       0.00    1577.29       0.19       0.47       6.84
      2004         63       20.3        0.0       -2.1        0.8     0.0000        4.0        0.0     -217.8       -4.6       -0.3       11.4       4.00       1.00       1.60       0.30       0.60       0.10       0.12       0.18      0.000      0.000      0.000      0.000      0.000      0.000      0.000      0.000      0.000       0.00       0.00       0.00       0.00       0.00       0.00       0.00       0.00       0.00       0.00    2369.96       0.12       0.28       2.71
      2004         64       21.5        0.0       -3.3        0.4     0.0000        5.0        0.0     -232.0       -7.4        1.0       11.5       4.00       1.00       1.60       0.30       0.60       0.10       0.12       0.18      0.000      0.000      0.000      0.000      0.000      0.000      0.000      0.000      0.000       0.00       0.00       0.00       0.00       0.00       0.00       0.00       0.00       0.00       0.00    1850.85       0.30       0.50       1.95
      2004         65       20.8        0.0       -2.6        0.1     0.0000        6.0        0.0     -246.3       -6.4       -0.1       10.3       4.00       1.00       1.60       0.30       0.60       0.10       0.12       0.18      0.000      0.000      0.000      0.000      0.000      0.000      0.000      0.000      0.000       0.00       0.00       0.00       0.00       0.00       0.00       0.00       0.00       0.00       0.00     615.76       0.32       0.45       4.12
      2004         66       19.5        0.0       -1.3       -1.0     0.0000        7.0        0.0     -258.1       -4.3        2.7       10.9       4.00       1.00       1.60       0.30       0.60       0.10       0.12       0.18      0.000      0.000      0.000      0.000      0.000      0.000      0.000      0.000      0.000       0.00       0.00       0.00       0.00       0.00       0.00       0.00       0.00       0.00       0.00    1451.61       0.29       0.56       2.90
      2004         67       19.2        0.0       -1.0       -2.1     0.0000        8.0        0.0     -270.3       -5.9        3.5       11.6       4.00       1.00       1.60       0.30       0.60       0.10       0.12       0.18      0.000      0.000      0.000      0.000      0.000      0.000      0.000      0.000      0.000       0.00       0.00       0.00       0.00       0.00       0.00       0.00       0.00       0.00       0.00    1825.77       0.30       0.45      -0.14
      2004         68       17.4        0.0        0.8       -1.5     0.0000        9.0        0.0     -280.6       -1.8        3.1       11.4       4.00       1.00       1.60       0.30       0.60       0.10       0.12       0.18      0.000      0.000      0.000      0.000      0.000      0.000      0.000      0.000      0.000       0.00       0.00       0.00       0.00       0.00       0.00       0.00       0.00       0.00       0.00    1974.13       0.17       0.34       1.38
      2004         69       17.4        0.0        0.8       -0.7     0.0000       10.0        0.0     -291.2       -2.7        3.5       11.8       4.00       1.00       1.60       0.30       0.60       0.10       0.12       0.18      0.000      0.000      0.000      0.000      0.000      0.000      0.000      0.000      0.000       0.00       0.00       0.00       0.00       0.00       0.00       0.00       0.00       0.00       0.00    1437.65       0.22       0.28      -2.03
      2004         70       18.3        0.0       -0.1       -0.2     0.0000       11.0        0.0     -302.1       -3.9        4.1       11.6       4.00       1.00       1.60       0.30       0.60       0.10       0.12       0.18      0.000      0.000      0.000      0.000      0.000      0.000      0.000      0.000      0.000       0.00       0.00       0.00       0.00       0.00       0.00       0.00       0.00       0.00       0.00    2337.68       0.18       0.26       1.37
      2004         71       16.0        0.0        2.2        0.5     0.0000       12.0        0.0     -310.3       -1.0        6.6       11.7       4.00       1.00       1.60       0.30       0.60       0.10       0.12       0.18      0.000      0.000      0.000      0.000      0.000      0.000      0.000      0.000      0.000       0.00       0.00       0.00       0.00       0.00       0.00       0.00       0.00       0.00       0.00    2338.14       0.19       0.29       0.41
      2004         72       16.7        0.0        1.5        1.0     0.0000       13.0        0.0     -319.2       -1.4        5.6       11.5       4.00       1.00       1.60       0.30       0.60       0.10       0.12       0.18      0.000      0.000      0.000      0.000      0.000      0.000      0.000      0.000      0.000       0.00       0.00       0.00       0.00       0.00       0.00       0.00       0.00       0.00       0.00    2411.79       0.17       0.36       0.86
      2004         73       17.1        0.0        1.1        1.1     3.9917        0.0        0.0     -328.4       -0.7        4.4       10.0       4.00       1.00       1.60       0.30       0.60       0.10       0.12       0.18      0.000      0.000      0.000      0.000      0.000      0.000      0.000      0.000      0.000       0.00       0.00       0.00       0.00       0.00       0.00       0.00       0.00       0.00       0.00       3.88       0.29       0.43       1.62
      2004         74       12.2        0.0        6.0        2.1     2.8500        0.0        0.0     -333.3        4.2        8.0       11.1       4.00       1.00       1.60       0.30       0.60       0.10       0.12       0.18      0.000      0.000      0.000      0.000      0.000      0.000      0.000      0.000      0.000       0.00       0.00       0.00       0.00       0.00       0.00       0.00       0.00       0.00       0.00      34.77       0.14       0.27       4.12
      2004         75       12.2        0.0        6.0        3.4     5.7500        0.0        0.0     -338.4        4.6        7.1       10.4       4.00       1.00       1.60       0.30       0.60       0.10       0.12       0.18      0.000      0.000      0.000      0.000      0.000      0.000      0.000      0.000      0.000       0.00       0.00       0.00       0.00       0.00       0.00       0.00       0.00       0.00       0.00       7.59       0.13       0.24      -0.31
      2004         76       10.9        0.0        7.3        4.4     2.1083        0.0        0.0     -342.0        5.0        9.9       11.3       4.00       1.00       1.60       0.30       0.60       0.10       0.12       0.18      0.000      0.000      0.000      0.000      0.000      0.000      0.000      0.000      0.000       0.00       0.00       0.00       0.00       0.00       0.00       0.00       0.00       0.00       0.00      30.22       0.13       0.17       0.48
      2004         77       10.6        0.0        7.6        5.6     0.0000        1.0        0.0     -345.3        4.6       10.8       12.1       4.00       1.00       1.60       0.30       0.60       0.10       0.12       0.18      0.000      0.000      0.000      0.000      0.000      0.000      0.000      0.000      0.000       0.00       0.00       0.00       0.00       0.00       0.00       0.00       0.00       0.00       0.00    2258.10       0.16       0.35      -1.24
      2004         78       11.9        0.0        6.3        6.6     0.0000        2.0        0.0     -349.2        4.5        9.7       11.8       4.00       1.00       1.60       0.30       0.60       0.10       0.12       0.18      0.000      0.000      0.000      0.000      0.000      0.000      0.000      0.000      0.000       0.00       0.00       0.00       0.00       0.00       0.00       0.00       0.00       0.00       0.00    2676.38       0.15       0.33       0.92
      2004         79       12.1        0.0        6.1        6.6     7.0000        0.0        0.0     -354.2        5.1        6.8       10.8       4.00       1.00       1.60       0.30       0.60       0.10       0.12       0.18      0.000      0.000      0.000      0.000      0.000      0.000      0.000      0.000      0.000       0.00       0.00       0.00       0.00       0.00       0.00       0.00       0.00       0.00       0.00       9.13       0.11       0.34      -0.58
      2004         80       13.6        0.0        4.6        6.4    10.8500        0.0        0.0     -361.0        1.7        6.7       11.5       4.00       1.00       1.60       0.30       0.60       0.10       0.12       0.18      0.000      0.000      0.000      0.000      0.000      0.000      0.000      0.000      0.000       0.00       0.00       0.00       0.00       0.00       0.00       0.00       0.00       0.00       0.00      14.49       0.10       0.32       0.26
      2004         81       14.7        0.0        3.5        5.6     1.0500        0.0        0.0     -368.4        1.4        5.8       11.8       4.00       1.00       1.60       0.30       0.60       0.10       0.12       0.18      0.000      0.000      0.000      0.000      0.000      0.000      0.000      0.000      0.000       0.00       0.00       0.00       0.00       0.00       0.00       0.00       0.00       0.00       0.00       9.43       0.19       0.21      -2.66
      2004         82       14.5        0.0        3.7        4.8     5.1000        0.0        0.0     -375.3        1.7        6.7       11.5       4.00       1.00       1.60       0.30       0.60       0.10       0.12       0.18      0.000      0.000      0.000      0.000      0.000      0.000      0.000      0.000      0.000       0.00       0.00       0.00       0.00       0.00       0.00       0.00       0.00       0.00       0.00       5.63       0.17       0.57       3.14
      2004         83       16.4        0.0        1.8        3.9     0.0000        1.0        0.0     -384.8       -0.8        3.8       11.5       4.00       1.00       1.60       0.30       0.60       0.10       0.12       0.18      0.000      0.000      0.000      0.000      0.000      0.000      0.000      0.000      0.000       0.00       0.00       0.00       0.00       0.00       0.00       0.00       0.00       0.00       0.00      28.33       0.15       0.31       0.86
      2004         84       17.4        0.0        0.8        2.9     0.0000        2.0        0.0     -394.9       -1.2        3.0       12.7       4.00       1.00       1.60       0.30       0.60       0.10       0.12       0.18      0.000      0.000      0.000      0.000      0.000      0.000      0.000      0.000      0.000       0.00       0.00       0.00       0.00       0.00       0.00       0.00       0.00       0.00       0.00    1980.57       0.18       0.41      -7.00
      2004         85       18.3        0.0       -0.1        1.9     0.0000        3.0        0.0     -406.1       -2.9        2.4       12.8       4.00       1.00       1.60       0.30       0.60       0.10       0.12       0.18      0.000      0.000      0.000      0.000      0.000      0.000      0.000      0.000      0.000       0.00       0.00       0.00       0.00       0.00       0.00       0.00       0.00       0.00       0.00    2221.79       0.19       0.32      -5.91
      2004         86       18.0        0.0        0.2        1.3     0.0000        4.0        0.0     -417.1       -3.4        3.5       12.9       4.00       1.00       1.60       0.30       0.60       0.10       0.12       0.18      0.000      0.000      0.000      0.000      0.000      0.000      0.000      0.000      0.000       0.00       0.00       0.00       0.00       0.00       0.00       0.00       0.00       0.00       0.00    2689.56       0.22       0.42     -12.90
      2004         87       14.0        0.0        4.2        1.4     1.2000        0.0        0.0     -423.9        1.9        6.4       11.6       4.00       1.00       1.60       0.30       0.60       0.10       0.12       0.18      0.000      0.000      0.000      0.000      0.000      0.000      0.000      0.000      0.000       0.00       0.00       0.00       0.00       0.00       0.00       0.00       0.00       0.00       0.00       3.18       0.22      -0.36      -1.96
      2004         88       14.1        0.0        4.1        1.8     0.2917        0.0        0.0     -431.6       -1.2        7.9       12.8       4.00       1.00       1.60       0.30       0.60       0.10       0.12       0.18      0.000      0.000      0.000      0.000      0.000      0.000      0.000      0.000      0.000       0.00       0.00       0.00       0.00       0.00       0.00       0.00       0.00       0.00       0.00     106.89       0.24       0.38      -9.38
      2004         89       12.8        0.0        5.4        2.7     0.0083        0.0        0.0     -436.8        3.5        8.1       12.5       4.00       1.00       1.60       0.30       0.60       0.10       0.12       0.18      0.000      0.000      0.000      0.000      0.000      0.000      0.000      0.000      0.000       0.00       0.00       0.00       0.00       0.00       0.00       0.00       0.00       0.00       0.00      42.06       0.17       0.44      -5.77
      2004         90       14.3        0.0        3.9        3.5     0.0000        1.0        0.0     -443.0        1.4        8.1       12.7       4.00       1.00       1.60       0.30       0.60       0.10       0.12       0.18      0.000      0.000      0.000      0.000      0.000      0.000      0.000      0.000      0.000       0.00       0.00       0.00       0.00       0.00       0.00       0.00       0.00       0.00       0.00    2441.41       0.24       0.61      -9.41
      2004         91       10.2        0.0        8.0        5.1     0.0000        2.0        0.0     -446.5       -0.9       16.0       13.8       4.00       1.00       1.60       0.30       0.60       0.10       0.12       0.18      0.000      0.000      0.000      0.000      0.000      0.000      0.000      0.000      0.000       0.00       0.00       0.00       0.00       0.00       0.00       0.00       0.00       0.00       0.00    3189.99       0.29       0.30     -29.91
      2004         92       11.8        0.0        6.4        5.5     0.0000        3.0        0.6     -450.0        0.4       10.8       13.5       4.00       1.00       1.60       0.30       0.60       0.10       0.12       0.18      0.000      0.000      0.000      0.000      0.000      0.000      0.000      0.000      0.000       0.00       0.00       0.00       0.00       0.00       0.00       0.00       0.00       0.00       0.00    3784.81       0.17       0.31     -15.79
      2004         93       14.1        0.0        4.1        5.5     0.0000        4.0        0.0     -450.0       -1.3       10.0       13.6       4.00       1.00       1.60       0.30       0.60       0.10       0.12       0.18      0.000      0.000      0.000      0.000      0.000      0.000      0.000      0.000      0.000       0.00       0.00       0.00       0.00       0.00       0.00       0.00       0.00       0.00       0.00    3754.21       0.20       0.24     -18.63
      2004         94       12.6        0.0        5.6        5.6     0.7917        0.0        0.9     -450.0       -0.1       12.0       13.6       4.00       1.00       1.60       0.30       0.60       0.10       0.12       0.18      0.000      0.000      0.000      0.000      0.000      0.000      0.000      0.000      0.000       0.00       0.00       0.00       0.00       0.00       0.00       0.00       0.00       0.00       0.00    2173.32       0.26       0.22     -12.13
      2004         95       10.9        0.0        7.3        6.3     6.9083        0.0        3.1     -450.0        4.3       10.0       12.6       4.00       1.00       1.60       0.30       0.60       0.10       0.12       0.18      0.000      0.000      0.000      0.000      0.000      0.000      0.000      0.000      0.000       0.00       0.00       0.00       0.00       0.00       0.00       0.00       0.00       0.00       0.00       1.12       0.26       0.46      -5.29
      2004         96       11.8        0.0        6.4        6.0     1.1000        0.0        5.3     -450.0        4.3       10.2       12.9       4.01       1.00       1.61       0.30       0.60       0.10       0.12       0.18      0.000      0.000      0.000      0.000      0.000      0.000      0.000      0.000      0.000       0.00       0.00       0.00       0.00       0.00       0.00       0.00       0.00       0.00       0.00      94.63       0.18       0.38      -8.81
      2004         97       12.6        0.0        5.6        5.8     2.3000        0.0        6.3     -450.0        3.9        8.0       12.7       4.01       1.01       1.61       0.30       0.60       0.10       0.12       0.18      0.000      0.000      0.000      0.000      0.000      0.000      0.000      0.000      0.000       0.00       0.00       0.00       0.00       0.00       0.00       0.00       0.00       0.00       0.00       5.87       0.20       0.41      -9.95
      2004         98       13.9        0.0        4.3        5.9     4.2000        0.0        0.0     -450.0        2.0        7.2       12.4       4.01       1.01       1.61       0.30       0.60       0.10       0.12       0.18      0.000      0.000      0.000      0.000      0.000      0.000      0.000      0.000      0.000       0.00       0.00       0.00       0.00       0.00       0.00       0.00       0.00       0.00       0.00       6.08       0.16       0.15      -5.10
      2004         99       12.3        0.0        5.9        5.9     0.0000        1.0        1.2     -450.0        1.1       11.3       13.3       4.01       1.01       1.61       0.30       0.60       0.10       0.12       0.18      0.000      0.000      0.000      0.000      0.000      0.000      0.000      0.000      0.000       0.00       0.00       0.00       0.00       0.00       0.00       0.00       0.00       0.00       0.00      92.25       0.23       0.20     -15.33
      2004        100       12.4        0.0        5.8        5.6     0.0000        2.0        1.2     -450.0        1.7        8.4       13.3       4.01       1.01       1.61       0.30       0.60       0.10       0.12       0.18      0.000      0.000      0.000      0.000      0.000      0.000      0.000      0.000      0.000       0.00       0.00       0.00       0.00       0.00       0.00       0.00       0.00       0.00       0.00    2876.50       0.16       0.31     -10.99
      2004        101       12.5        0.0        5.7        5.5     0.0000        3.0        1.8     -450.0        2.0        9.1       14.5       4.01       1.01       1.61       0.30       0.60       0.10       0.12       0.18      0.000      0.000      0.000      0.000      0.000      0.000      0.000      0.000      0.000       0.00       0.00       0.00       0.00       0.00       0.00       0.00       0.00       0.00       0.00    4074.47       0.19       0.46     -21.84
      2004        102       12.8        0.0        5.4        5.4     0.0000        4.0        0.0     -450.0        1.1        8.5       13.6       4.01       1.01       1.61       0.30       0.60       0.10       0.12       0.18      0.000      0.000      0.000      0.000      0.000      0.000      0.000      0.000      0.000       0.00       0.00       0.00       0.00       0.00       0.00       0.00       0.00       0.00       0.00    3344.52       0.20       0.42     -12.71
      2004        103       12.5        0.0        5.7        5.7     0.0000        5.0        0.4     -450.0        0.7       10.0       14.7       4.01       1.01       1.61       0.30       0.60       0.10       0.12       0.18      0.000      0.000      0.000      0.000      0.000      0.000      0.000      0.000      0.000       0.00       0.00       0.00       0.00       0.00       0.00       0.00       0.00       0.00       0.00    3591.61       0.24       0.46     -28.86
      2004        104       13.9        0.0        4.3        5.3     0.0000        6.0        0.0     -450.0        1.9        6.9       13.8       4.01       1.01       1.61       0.30       0.60       0.10       0.12       0.18      0.000      0.000      0.000      0.000      0.000      0.000      0.000      0.000      0.000       0.00       0.00       0.00       0.00       0.00       0.00       0.00       0.00       0.00       0.00    1857.22       0.23       0.55     -14.60
