      Year        DOY     HDD1_h     HDD2_c HDD3_Tmean   HDD4_T5d      P/day     DaysSR     GDD1_g     GDD2_s  GDD3_Tmin  GDD4_Tmax GDD5_DLHrs  LAI_EveTr  LAI_DecTr  LAI_Grass   DecidCap   Porosity   AlbEveTr   AlbDecTr   AlbGrass  WU_EveTr1  WU_EveTr2  WU_EveTr3  WU_DecTr1  WU_DecTr2  WU_DecTr3  WU_Grass1  WU_Grass2  WU_Grass3   deltaLAI   LAIlumps    AlbSnow   DSnowPvd DSnowBldgs DSnowEveTr DSnowDecTr DSnowGrass DSnowBSoil DSnowWater BoAnOHMEnd    a1AnOHM    a2AnOHM    a3AnOHM
      2013        235        0.0       11.6       29.8        6.5     0.0996        0.0        0.0     -450.0       27.9       32.4       12.8       4.00       1.00       1.60       0.30       0.60       0.10       0.12       0.18      0.000      0.000      0.000      0.000      0.000      0.000      0.000      0.000      0.000       0.00       0.36       0.00       0.00       0.00       0.00       0.00       0.00       0.00       0.00       7.04       0.55       0.26     -31.32
      2013        236        0.0       13.7       31.9       12.8     0.0000        1.0        0.0     -450.0       29.6       36.7       12.7       4.00       1.00       1.60       0.30       0.60       0.10       0.12       0.18      0.000      0.000      0.000      0.000      0.000      0.000      0.000      0.000      0.000       0.00       0.36       0.00       0.00       0.00       0.00       0.00       0.00       0.00       0.00       6.73       0.55       0.26     -31.32
      2013        237        0.0       10.8       29.0       18.4     0.6996        0.0        0.0     -450.0       26.7       33.6       12.4       4.00       1.00       1.60       0.30       0.60       0.10       0.12       0.18      0.000      0.000      0.000      0.000      0.000      0.000      0.000      0.000      0.000       0.00       0.36       0.00       0.00       0.00       0.00       0.00       0.00       0.00       0.00       4.30       0.55       0.26     -31.32
      2013        238        0.0        8.7       26.9       23.7     5.2992        0.0        0.0     -450.0       25.3       28.1       12.3       4.00       1.00       1.60       0.30       0.60       0.10       0.12       0.18      0.000      0.000      0.000      0.000      0.000      0.000      0.000      0.000      0.000       0.00       0.36       0.00       0.00       0.00       0.00       0.00       0.00       0.00       0.00       1.70       0.55       0.26     -31.32
      2013        239        0.0        9.4       27.6       29.0     0.0000        1.0        0.0     -450.0       25.9       29.3       12.8       4.00       1.00       1.60       0.30       0.60       0.10       0.12       0.18      0.000      0.000      0.000      0.000      0.000      0.000      0.000      0.000      0.000       0.00       0.36       0.00       0.00       0.00       0.00       0.00       0.00       0.00       0.00       7.56       0.55       0.26     -31.32
      2013        240        0.0       11.2       29.4       28.9     0.0000        2.0        0.0     -450.0       26.4       33.1       12.7       4.00       1.00       1.60       0.30       0.60       0.10       0.12       0.18      0.000      0.000      0.000      0.000      0.000      0.000      0.000      0.000      0.000       0.00       0.36       0.00       0.00       0.00       0.00       0.00       0.00       0.00       0.00       6.78       0.55       0.26     -31.32
      2013        241        0.0       12.1       30.3       28.6    13.3992        0.0        0.0     -450.0       27.8       35.3       11.3       4.00       1.00       1.60       0.30       0.60       0.10       0.12       0.18      0.000      0.000      0.000      0.000      0.000      0.000      0.000      0.000      0.000       0.00       0.36       0.00       0.00       0.00       0.00       0.00       0.00       0.00       0.00       6.85       0.55       0.26     -31.32
      2013        242        0.0       10.4       28.6       28.6     0.1992        0.0        0.0     -450.0       25.4       30.8       12.3       4.00       1.00       1.60       0.30       0.60       0.10       0.12       0.18      0.000      0.000      0.000      0.000      0.000      0.000      0.000      0.000      0.000       0.00       0.36       0.00       0.00       0.00       0.00       0.00       0.00       0.00       0.00       7.26       0.55       0.26     -31.32
      2013        243        0.0        7.0       25.2       28.2     0.0000        1.0        0.0     -450.0       23.5       27.4       12.8       4.00       1.00       1.60       0.30       0.60       0.10       0.12       0.18      0.000      0.000      0.000      0.000      0.000      0.000      0.000      0.000      0.000       0.00       0.36       0.00       0.00       0.00       0.00       0.00       0.00       0.00       0.00       7.59       0.55       0.26     -31.32
      2013        244        0.0        6.9       25.1       27.7     0.0000        2.0        0.0     -450.0       23.1       27.2       12.8       4.00       1.00       1.60       0.30       0.60       0.10       0.12       0.18      0.000      0.000      0.000      0.000      0.000      0.000      0.000      0.000      0.000       0.00       0.36       0.00       0.00       0.00       0.00       0.00       0.00       0.00       0.00       7.71       0.55       0.26     -31.32
      2013        245        0.0        7.3       25.5       26.9     0.0000        3.0        0.0     -450.0       23.5       27.9       12.8       4.00       1.00       1.60       0.30       0.60       0.10       0.12       0.18      0.000      0.000      0.000      0.000      0.000      0.000      0.000      0.000      0.000       0.00       0.36       0.00       0.00       0.00       0.00       0.00       0.00       0.00       0.00       7.74       0.55       0.26     -31.32
      2013        246        0.0        7.2       25.4       26.0     0.0000        4.0        0.0     -450.0       23.7       27.3       12.7       4.00       1.00       1.60       0.30       0.60       0.10       0.12       0.18      0.000      0.000      0.000      0.000      0.000      0.000      0.000      0.000      0.000       0.00       0.36       0.00       0.00       0.00       0.00       0.00       0.00       0.00       0.00       7.92       0.55       0.26     -31.32
      2013        247        0.0        6.5       24.7       25.2     0.0000        5.0        0.0     -450.0       23.1       26.8       12.5       4.00       1.00       1.60       0.30       0.60       0.10       0.12       0.18      0.000      0.000      0.000      0.000      0.000      0.000      0.000      0.000      0.000       0.00       0.36       0.00       0.00       0.00       0.00       0.00       0.00       0.00       0.00       7.71       0.55       0.26     -31.32
      2013        248        0.0        5.1       23.3       24.8     2.2242        0.0        0.0     -450.0       19.7       24.9       11.9       4.00       1.00       1.60       0.30       0.60       0.10       0.12       0.18      0.000      0.000      0.000      0.000      0.000      0.000      0.000      0.000      0.000       0.00       0.36       0.00       0.00       0.00       0.00       0.00       0.00       0.00       0.00       1.90       0.55       0.26     -31.32
      2013        249        0.0        2.7       20.9       24.0     2.3742        0.0        0.0     -450.0       19.8       21.9       11.3       4.00       1.00       1.60       0.30       0.60       0.10       0.12       0.18      0.000      0.000      0.000      0.000      0.000      0.000      0.000      0.000      0.000       0.00       0.36       0.00       0.00       0.00       0.00       0.00       0.00       0.00       0.00       1.83       0.55       0.26     -31.32
      2013        250        0.0        4.4       22.6       23.4     1.2000        0.0        0.0     -450.0       20.5       24.2       11.8       4.00       1.00       1.60       0.30       0.60       0.10       0.12       0.18      0.000      0.000      0.000      0.000      0.000      0.000      0.000      0.000      0.000       0.00       0.36       0.00       0.00       0.00       0.00       0.00       0.00       0.00       0.00       4.62       0.55       0.26     -31.32
      2013        251        0.0        6.3       24.5       23.2     0.0000        1.0        0.0     -450.0       22.9       26.9       11.8       4.00       1.00       1.60       0.30       0.60       0.10       0.12       0.18      0.000      0.000      0.000      0.000      0.000      0.000      0.000      0.000      0.000       0.00       0.36       0.00       0.00       0.00       0.00       0.00       0.00       0.00       0.00       9.36       0.55       0.26     -31.32
      2013        252        0.0        8.0       26.2       23.5     0.0000        2.0        0.0     -450.0       23.5       29.6       12.5       4.00       1.00       1.60       0.30       0.60       0.10       0.12       0.18      0.000      0.000      0.000      0.000      0.000      0.000      0.000      0.000      0.000       0.00       0.36       0.00       0.00       0.00       0.00       0.00       0.00       0.00       0.00       7.87       0.55       0.26     -31.32
      2013        253        0.0       10.0       28.2       24.5     1.1004        0.0        0.0     -450.0       24.2       33.6       12.5       4.00       1.00       1.60       0.30       0.60       0.10       0.12       0.18      0.000      0.000      0.000      0.000      0.000      0.000      0.000      0.000      0.000       0.00       0.36       0.00       0.00       0.00       0.00       0.00       0.00       0.00       0.00       6.89       0.55       0.26     -31.32
      2013        254        0.0        9.4       27.6       25.8     5.5008        0.0        0.0     -450.0       25.8       31.7        9.9       4.00       1.00       1.60       0.30       0.60       0.10       0.12       0.18      0.000      0.000      0.000      0.000      0.000      0.000      0.000      0.000      0.000       0.00       0.36       0.00       0.00       0.00       0.00       0.00       0.00       0.00       0.00       7.88       0.55       0.26     -31.32
      2013        255        0.0       10.0       28.2       26.9     0.0000        1.0        0.0     -450.0       26.1       31.3       12.2       4.00       1.00       1.60       0.30       0.60       0.10       0.12       0.18      0.000      0.000      0.000      0.000      0.000      0.000      0.000      0.000      0.000       0.00       0.36       0.00       0.00       0.00       0.00       0.00       0.00       0.00       0.00       7.24       0.55       0.26     -31.32
      2013        256        0.0        9.2       27.4       27.5    79.4893        0.0        0.0     -450.0       22.9       32.8       10.4       4.00       1.00       1.60       0.30       0.60       0.10       0.12       0.18      0.000      0.000      0.000      0.000      0.000      0.000      0.000      0.000      0.000       0.00       0.36       0.00       0.00       0.00       0.00       0.00       0.00       0.00       0.00       7.79       0.55       0.26     -31.32
      2013        257        0.0        9.1       27.3       27.7     1.3079        0.0        0.0     -450.0       24.2       30.7       12.2       4.00       1.00       1.60       0.30       0.60       0.10       0.12       0.18      0.000      0.000      0.000      0.000      0.000      0.000      0.000      0.000      0.000       0.00       0.36       0.00       0.00       0.00       0.00       0.00       0.00       0.00       0.00       8.13       0.55       0.26     -31.32
      2013        258        0.0       10.7       28.9       27.9     0.0000        1.0        0.0     -450.0       26.9       32.9       12.2       4.00       1.00       1.60       0.30       0.60       0.10       0.12       0.18      0.000      0.000      0.000      0.000      0.000      0.000      0.000      0.000      0.000       0.00       0.36       0.00       0.00       0.00       0.00       0.00       0.00       0.00       0.00       7.10       0.55       0.26     -31.32
      2013        259        0.0        8.8       27.0       27.8     0.0000        2.0        0.0     -450.0       23.7       33.5       12.3       4.00       1.00       1.60       0.30       0.60       0.10       0.12       0.18      0.000      0.000      0.000      0.000      0.000      0.000      0.000      0.000      0.000       0.00       0.36       0.00       0.00       0.00       0.00       0.00       0.00       0.00       0.00       7.09       0.55       0.26     -31.32
      2013        260        0.0        8.1       26.3       27.4     0.0000        3.0        0.0     -450.0       24.4       30.1       12.0       4.00       1.00       1.60       0.30       0.60       0.10       0.12       0.18      0.000      0.000      0.000      0.000      0.000      0.000      0.000      0.000      0.000       0.00       0.36       0.00       0.00       0.00       0.00       0.00       0.00       0.00       0.00       7.66       0.55       0.26     -31.32
      2013        261        0.0        7.7       25.9       27.1     0.0000        4.0        0.0     -450.0       24.1       28.2       12.1       4.00       1.00       1.60       0.30       0.60       0.10       0.12       0.18      0.000      0.000      0.000      0.000      0.000      0.000      0.000      0.000      0.000       0.00       0.36       0.00       0.00       0.00       0.00       0.00       0.00       0.00       0.00       7.91       0.55       0.26     -31.32
      2013        262        0.0        8.0       26.2       26.9     0.0000        5.0        0.0     -450.0       24.5       29.1       11.9       4.00       1.00       1.60       0.30       0.60       0.10       0.12       0.18      0.000      0.000      0.000      0.000      0.000      0.000      0.000      0.000      0.000       0.00       0.36       0.00       0.00       0.00       0.00       0.00       0.00       0.00       0.00       7.25       0.55       0.26     -31.32
      2013        263        0.0        8.0       26.2       26.3     0.0000        6.0        0.0     -450.0       24.2       28.6       11.8       4.00       1.00       1.60       0.30       0.60       0.10       0.12       0.18      0.000      0.000      0.000      0.000      0.000      0.000      0.000      0.000      0.000       0.00       0.36       0.00       0.00       0.00       0.00       0.00       0.00       0.00       0.00       7.03       0.55       0.26     -31.32
      2013        264        0.0        7.4       25.6       26.0    10.4988        0.0        0.0     -450.0       24.8       26.6       11.4       4.00       1.00       1.60       0.30       0.60       0.10       0.12       0.18      0.000      0.000      0.000      0.000      0.000      0.000      0.000      0.000      0.000       0.00       0.36       0.00       0.00       0.00       0.00       0.00       0.00       0.00       0.00       0.54       0.55       0.26     -31.32
      2013        265        0.0        8.5       26.7       26.1     3.9996        0.0        0.0     -450.0       25.5       28.2       11.7       4.00       1.00       1.60       0.30       0.60       0.10       0.12       0.18      0.000      0.000      0.000      0.000      0.000      0.000      0.000      0.000      0.000       0.00       0.36       0.00       0.00       0.00       0.00       0.00       0.00       0.00       0.00       6.47       0.55       0.26     -31.32
      2013        266        0.0        9.3       27.5       26.4     0.0000        1.0        0.0     -450.0       25.8       29.7       11.7       4.00       1.00       1.60       0.30       0.60       0.10       0.12       0.18      0.000      0.000      0.000      0.000      0.000      0.000      0.000      0.000      0.000       0.00       0.36       0.00       0.00       0.00       0.00       0.00       0.00       0.00       0.00       7.11       0.55       0.26     -31.32
      2013        267        0.0        8.8       27.0       26.6    12.5417        0.0        0.0     -450.0       23.9       30.2       11.7       4.00       1.00       1.60       0.30       0.60       0.10       0.12       0.18      0.000      0.000      0.000      0.000      0.000      0.000      0.000      0.000      0.000       0.00       0.36       0.00       0.00       0.00       0.00       0.00       0.00       0.00       0.00       7.23       0.55       0.26     -31.32
      2013        268        0.0        3.6       21.8       25.7     1.4575        0.0        0.0     -450.0       19.6       23.9       10.8       4.00       1.00       1.60       0.30       0.60       0.10       0.12       0.18      0.000      0.000      0.000      0.000      0.000      0.000      0.000      0.000      0.000       0.00       0.36       0.00       0.00       0.00       0.00       0.00       0.00       0.00       0.00       6.63       0.55       0.26     -31.32
      2013        269        0.0        3.0       21.2       24.8     0.0000        1.0        0.0     -450.0       18.9       23.4       11.7       4.00       1.00       1.60       0.30       0.60       0.10       0.12       0.18      0.000      0.000      0.000      0.000      0.000      0.000      0.000      0.000      0.000       0.00       0.36       0.00       0.00       0.00       0.00       0.00       0.00       0.00       0.00       8.13       0.55       0.26     -31.32
      2013        270        0.0        4.1       22.3       24.0     0.0000        2.0        0.0     -450.0       20.6       24.1       11.6       4.00       1.00       1.60       0.30       0.60       0.10       0.12       0.18      0.000      0.000      0.000      0.000      0.000      0.000      0.000      0.000      0.000       0.00       0.36       0.00       0.00       0.00       0.00       0.00       0.00       0.00       0.00       8.17       0.55       0.26     -31.32
      2013        271        0.0        4.1       22.3       22.9     0.0996        0.0        0.0     -450.0       20.2       25.0       10.3       4.00       1.00       1.60       0.30       0.60       0.10       0.12       0.18      0.000      0.000      0.000      0.000      0.000      0.000      0.000      0.000      0.000       0.00       0.36       0.00       0.00       0.00       0.00       0.00       0.00       0.00       0.00       8.82       0.55       0.26     -31.32
      2013        272        0.0        3.5       21.7       21.9     0.0000        1.0        0.0     -450.0       19.8       23.9       11.4       4.00       1.00       1.60       0.30       0.60       0.10       0.12       0.18      0.000      0.000      0.000      0.000      0.000      0.000      0.000      0.000      0.000       0.00       0.36       0.00       0.00       0.00       0.00       0.00       0.00       0.00       0.00       7.54       0.55       0.26     -31.32
      2013        273        0.0        4.5       22.7       22.0     0.0000        2.0        0.0     -450.0       20.6       25.8       11.6       4.00       1.00       1.60       0.30       0.60       0.10       0.12       0.18      0.000      0.000      0.000      0.000      0.000      0.000      0.000      0.000      0.000       0.00       0.36       0.00       0.00       0.00       0.00       0.00       0.00       0.00       0.00       7.47       0.55       0.26     -31.32
      2013        274        0.0        4.7       22.9       22.4     0.0000        3.0        0.0     -450.0       20.7       25.7       11.5       4.00       1.00       1.60       0.30       0.60       0.10       0.12       0.18      0.000      0.000      0.000      0.000      0.000      0.000      0.000      0.000      0.000       0.00       0.36       0.00       0.00       0.00       0.00       0.00       0.00       0.00       0.00       8.16       0.55       0.26     -31.32
      2013        275        0.0        3.4       21.6       22.2     0.0000        4.0        0.0     -450.0       19.5       24.6       11.3       4.00       1.00       1.60       0.30       0.60       0.10       0.12       0.18      0.000      0.000      0.000      0.000      0.000      0.000      0.000      0.000      0.000       0.00       0.36       0.00       0.00       0.00       0.00       0.00       0.00       0.00       0.00       8.20       0.55       0.26     -31.32
      2013        276        0.0        2.4       20.6       21.9     0.0000        5.0        0.0     -450.0       19.0       22.4       11.6       4.00       1.00       1.60       0.30       0.60       0.10       0.12       0.18      0.000      0.000      0.000      0.000      0.000      0.000      0.000      0.000      0.000       0.00       0.36       0.00       0.00       0.00       0.00       0.00       0.00       0.00       0.00       8.71       0.55       0.26     -31.32
      2013        277        0.0        3.0       21.2       21.8     0.0000        6.0        0.0     -450.0       19.3       23.6       11.6       4.00       1.00       1.60       0.30       0.60       0.10       0.12       0.18      0.000      0.000      0.000      0.000      0.000      0.000      0.000      0.000      0.000       0.00       0.36       0.00       0.00       0.00       0.00       0.00       0.00       0.00       0.00       8.43       0.55       0.26     -31.32
      2013        278        0.0        3.7       21.9       21.6     0.0996        0.0        0.0     -450.0       19.6       24.0       11.5       4.00       1.00       1.60       0.30       0.60       0.10       0.12       0.18      0.000      0.000      0.000      0.000      0.000      0.000      0.000      0.000      0.000       0.00       0.36       0.00       0.00       0.00       0.00       0.00       0.00       0.00       0.00       7.97       0.55       0.26     -31.32
      2013        279        0.0        5.3       23.5       21.7    13.7333        0.0        0.0     -450.0       21.8       24.7        9.5       4.00       1.00       1.60       0.30       0.60       0.10       0.12       0.18      0.000      0.000      0.000      0.000      0.000      0.000      0.000      0.000      0.000       0.00       0.36       0.00       0.00       0.00       0.00       0.00       0.00       0.00       0.00       0.40       0.55       0.26     -31.32
      2013        280        0.0        5.5       23.7       22.2   105.9512        0.0        0.0     -450.0       22.4       24.7        9.2       4.00       1.00       1.60       0.30       0.60       0.10       0.12       0.18      0.000      0.000      0.000      0.000      0.000      0.000      0.000      0.000      0.000       0.00       0.36       0.00       0.00       0.00       0.00       0.00       0.00       0.00       0.00       0.21       0.55       0.26     -31.32
      2013        281        0.0        2.7       20.9       22.2   120.5500        0.0        0.0     -450.0       19.8       24.0        8.3       4.00       1.00       1.60       0.30       0.60       0.10       0.12       0.18      0.000      0.000      0.000      0.000      0.000      0.000      0.000      0.000      0.000       0.00       0.36       0.00       0.00       0.00       0.00       0.00       0.00       0.00       0.00       0.20       0.55       0.26     -31.32
      2013        282        0.0        4.1       22.3       22.5     0.3667        0.0        0.0     -450.0       20.2       24.9       10.4       4.00       1.00       1.60       0.30       0.60       0.10       0.12       0.18      0.000      0.000      0.000      0.000      0.000      0.000      0.000      0.000      0.000       0.00       0.36       0.00       0.00       0.00       0.00       0.00       0.00       0.00       0.00       7.11       0.55       0.26     -31.32
      2013        283        0.0        6.0       24.2       22.9     0.0996        0.0        0.0     -450.0       22.1       27.6       11.4       4.00       1.00       1.60       0.30       0.60       0.10       0.12       0.18      0.000      0.000      0.000      0.000      0.000      0.000      0.000      0.000      0.000       0.00       0.36       0.00       0.00       0.00       0.00       0.00       0.00       0.00       0.00       7.86       0.55       0.26     -31.32
      2013        284        0.0        5.4       23.6       22.9     0.0000        1.0        0.0     -450.0       21.4       27.1       11.4       4.00       1.00       1.60       0.30       0.60       0.10       0.12       0.18      0.000      0.000      0.000      0.000      0.000      0.000      0.000      0.000      0.000       0.00       0.36       0.00       0.00       0.00       0.00       0.00       0.00       0.00       0.00       7.39       0.55       0.26     -31.32
      2013        285        0.0        5.8       24.0       23.0     0.0000        2.0        0.0     -450.0       21.7       28.8       11.5       4.00       1.00       1.60       0.30       0.60       0.10       0.12       0.18      0.000      0.000      0.000      0.000      0.000      0.000      0.000      0.000      0.000       0.00       0.36       0.00       0.00       0.00       0.00       0.00       0.00       0.00       0.00       7.84       0.55       0.26     -31.32
      2013        286        0.0        4.2       22.4       23.3     0.0000        3.0        0.0     -450.0       20.4       24.6       11.4       4.00       1.00       1.60       0.30       0.60       0.10       0.12       0.18      0.000      0.000      0.000      0.000      0.000      0.000      0.000      0.000      0.000       0.00       0.36       0.00       0.00       0.00       0.00       0.00       0.00       0.00       0.00       8.14       0.55       0.26     -31.32
      2013        287        0.0        5.9       24.1       23.6     0.0000        4.0        0.0     -450.0       22.2       26.6       11.3       4.00       1.00       1.60       0.30       0.60       0.10       0.12       0.18      0.000      0.000      0.000      0.000      0.000      0.000      0.000      0.000      0.000       0.00       0.36       0.00       0.00       0.00       0.00       0.00       0.00       0.00       0.00       7.94       0.55       0.26     -31.32
      2013        288        1.2        1.2       18.2       22.4     1.3992        0.0        0.0     -450.0       13.8       22.6       11.3       4.00       1.00       1.60       0.30       0.60       0.10       0.12       0.18      0.000      0.000      0.000      0.000      0.000      0.000      0.000      0.000      0.000       0.00       0.36       0.00       0.00       0.00       0.00       0.00       0.00       0.00       0.00       4.51       0.55       0.26     -31.32
      2013        289        3.2        0.0       15.0       20.7     0.0000        1.0        0.0     -450.0       12.2       17.2       10.7       4.00       1.00       1.60       0.30       0.60       0.10       0.12       0.18      0.000      0.000      0.000      0.000      0.000      0.000      0.000      0.000      0.000       0.00       0.36       0.00       0.00       0.00       0.00       0.00       0.00       0.00       0.00       8.87       0.55       0.26     -31.32
      2013        290        0.9        0.3       17.6       19.5     0.0000        2.0        0.0     -450.0       15.5       19.3       11.0       4.00       1.00       1.60       0.30       0.60       0.10       0.12       0.18      0.000      0.000      0.000      0.000      0.000      0.000      0.000      0.000      0.000       0.00       0.36       0.00       0.00       0.00       0.00       0.00       0.00       0.00       0.00       9.23       0.55       0.26     -31.32
      2013        291        0.0        1.7       19.9       18.9     0.0000        3.0        0.0     -450.0       18.1       21.3       10.9       4.00       1.00       1.60       0.30       0.60       0.10       0.12       0.18      0.000      0.000      0.000      0.000      0.000      0.000      0.000      0.000      0.000       0.00       0.36       0.00       0.00       0.00       0.00       0.00       0.00       0.00       0.00       9.59       0.55       0.26     -31.32
      2013        292        0.0        2.3       20.5       18.2     0.0000        4.0        0.0     -450.0       19.2       22.1       10.3       4.00       1.00       1.60       0.30       0.60       0.10       0.12       0.18      0.000      0.000      0.000      0.000      0.000      0.000      0.000      0.000      0.000       0.00       0.36       0.00       0.00       0.00       0.00       0.00       0.00       0.00       0.00       8.50       0.55       0.26     -31.32
      2013        293        0.0        1.3       19.5       18.5     0.0000        5.0        0.0     -450.0       17.8       21.3       11.2       4.00       1.00       1.60       0.30       0.60       0.10       0.12       0.18      0.000      0.000      0.000      0.000      0.000      0.000      0.000      0.000      0.000       0.00       0.36       0.00       0.00       0.00       0.00       0.00       0.00       0.00       0.00       8.51       0.55       0.26     -31.32
      2013        294        0.7        0.4       17.9       19.1     0.0000        6.0        0.0     -450.0       16.2       19.7       11.2       4.00       1.00       1.60       0.30       0.60       0.10       0.12       0.18      0.000      0.000      0.000      0.000      0.000      0.000      0.000      0.000      0.000       0.00       0.36       0.00       0.00       0.00       0.00       0.00       0.00       0.00       0.00       8.74       0.55       0.26     -31.32
      2013        295        0.8        0.6       18.0       19.1     0.0000        7.0        0.0     -450.0       15.5       20.4       11.1       4.00       1.00       1.60       0.30       0.60       0.10       0.12       0.18      0.000      0.000      0.000      0.000      0.000      0.000      0.000      0.000      0.000       0.00       0.36       0.00       0.00       0.00       0.00       0.00       0.00       0.00       0.00       8.32       0.55       0.26     -31.32
      2013        296        0.6        0.8       18.5       18.9     0.0000        8.0        0.0     -450.0       16.3       21.3       11.2       4.00       1.00       1.60       0.30       0.60       0.10       0.12       0.18      0.000      0.000      0.000      0.000      0.000      0.000      0.000      0.000      0.000       0.00       0.36       0.00       0.00       0.00       0.00       0.00       0.00       0.00       0.00       8.15       0.55       0.26     -31.32
      2013        297        0.0        1.7       19.9       18.7     0.0000        9.0        0.0     -450.0       18.9       23.2       11.2       4.00       1.00       1.60       0.30       0.60       0.10       0.12       0.18      0.000      0.000      0.000      0.000      0.000      0.000      0.000      0.000      0.000       0.00       0.36       0.00       0.00       0.00       0.00       0.00       0.00       0.00       0.00       8.65       0.55       0.26     -31.32
      2013        298        3.0        0.0       15.2       17.9     0.0000       10.0        0.0     -450.0       14.1       16.7       10.8       4.00       1.00       1.60       0.30       0.60       0.10       0.12       0.18      0.000      0.000      0.000      0.000      0.000      0.000      0.000      0.000      0.000       0.00       0.36       0.00       0.00       0.00       0.00       0.00       0.00       0.00       0.00       9.66       0.55       0.26     -31.32
      2013        299        3.2        0.0       15.0       17.3     0.0000       11.0        0.0     -450.0       12.6       17.4       11.1       4.00       1.00       1.60       0.30       0.60       0.10       0.12       0.18      0.000      0.000      0.000      0.000      0.000      0.000      0.000      0.000      0.000       0.00       0.36       0.00       0.00       0.00       0.00       0.00       0.00       0.00       0.00       9.28       0.55       0.26     -31.32
      2013        300        2.2        0.2       16.3       17.0     0.0000       12.0        0.0     -450.0       13.4       19.7       11.0       4.00       1.00       1.60       0.30       0.60       0.10       0.12       0.18      0.000      0.000      0.000      0.000      0.000      0.000      0.000      0.000      0.000       0.00       0.36       0.00       0.00       0.00       0.00       0.00       0.00       0.00       0.00       9.27       0.55       0.26     -31.32
      2013        301        0.8        0.8       18.3       16.9     0.0000       13.0        0.0     -450.0       16.0       21.1       11.0       4.00       1.00       1.60       0.30       0.60       0.10       0.12       0.18      0.000      0.000      0.000      0.000      0.000      0.000      0.000      0.000      0.000       0.00       0.36       0.00       0.00       0.00       0.00       0.00       0.00       0.00       0.00       8.69       0.55       0.26     -31.32
      2013        302        0.4        1.9       19.7       16.9     0.0000       14.0        0.0     -450.0       16.7       23.1       11.0       4.00       1.00       1.60       0.30       0.60       0.10       0.12       0.18      0.000      0.000      0.000      0.000      0.000      0.000      0.000      0.000      0.000       0.00       0.36       0.00       0.00       0.00       0.00       0.00       0.00       0.00       0.00       8.35       0.55       0.26     -31.32
      2013        303        0.1        1.3       19.4       17.7     7.0837        0.0        0.0     -450.0       17.2       20.7       10.3       4.00       1.00       1.60       0.30       0.60       0.10       0.12       0.18      0.000      0.000      0.000      0.000      0.000      0.000      0.000      0.000      0.000       0.00       0.36       0.00       0.00       0.00       0.00       0.00       0.00       0.00       0.00       7.90       0.55       0.26     -31.32
      2013        304        0.2        0.5       18.5       18.4     0.1163        0.0        0.0     -450.0       17.5       20.0       10.3       4.00       1.00       1.60       0.30       0.60       0.10       0.12       0.18      0.000      0.000      0.000      0.000      0.000      0.000      0.000      0.000      0.000       0.00       0.36       0.00       0.00       0.00       0.00       0.00       0.00       0.00       0.00       7.73       0.55       0.26     -31.32
      2013        305        0.1        1.2       19.3       19.0     0.0000        1.0        0.0     -450.0       17.8       21.3       10.8       4.00       1.00       1.60       0.30       0.60       0.10       0.12       0.18      0.000      0.000      0.000      0.000      0.000      0.000      0.000      0.000      0.000       0.00       0.36       0.00       0.00       0.00       0.00       0.00       0.00       0.00       0.00       7.75       0.55       0.26     -31.32
      2013        306        0.0        2.1       20.3       19.4     0.0996        0.0        0.0     -450.0       18.6       22.5       10.1       4.00       1.00       1.60       0.30       0.60       0.10       0.12       0.18      0.000      0.000      0.000      0.000      0.000      0.000      0.000      0.000      0.000       0.00       0.36       0.00       0.00       0.00       0.00       0.00       0.00       0.00       0.00       7.80       0.55       0.26     -31.32
      2013        307        0.3        0.7       18.6       19.2     0.1992        0.0        0.0     -450.0       16.0       20.4        9.6       4.00       1.00       1.60       0.30       0.60       0.10       0.12       0.18      0.000      0.000      0.000      0.000      0.000      0.000      0.000      0.000      0.000       0.00       0.36       0.00       0.00       0.00       0.00       0.00       0.00       0.00       0.00       8.40       0.55       0.26     -31.32
      2013        308        1.8        0.0       16.4       18.6     0.0000        1.0        0.0     -450.0       15.0       18.4       10.8       4.00       1.00       1.60       0.30       0.60       0.10       0.12       0.18      0.000      0.000      0.000      0.000      0.000      0.000      0.000      0.000      0.000       0.00       0.36       0.00       0.00       0.00       0.00       0.00       0.00       0.00       0.00       9.29       0.55       0.26     -31.32
      2013        309        1.5        0.3       17.1       18.4     0.0000        2.0        0.0     -450.0       14.5       19.9       10.7       4.00       1.00       1.60       0.30       0.60       0.10       0.12       0.18      0.000      0.000      0.000      0.000      0.000      0.000      0.000      0.000      0.000       0.00       0.36       0.00       0.00       0.00       0.00       0.00       0.00       0.00       0.00       9.11       0.55       0.26     -31.32
      2013        310        0.9        0.6       17.9       18.1     0.0000        3.0        0.0     -450.0       16.0       21.2       10.0       4.00       1.00       1.60       0.30       0.60       0.10       0.12       0.18      0.000      0.000      0.000      0.000      0.000      0.000      0.000      0.000      0.000       0.00       0.36       0.00       0.00       0.00       0.00       0.00       0.00       0.00       0.00       8.30       0.55       0.26     -31.32
      2013        311        1.1        1.0       18.0       17.6     0.0000        4.0        0.0     -450.0       14.9       22.5       10.3       4.00       1.00       1.60       0.30       0.60       0.10       0.12       0.18      0.000      0.000      0.000      0.000      0.000      0.000      0.000      0.000      0.000       0.00       0.36       0.00       0.00       0.00       0.00       0.00       0.00       0.00       0.00       9.21       0.55       0.26     -31.32
      2013        312        0.7        1.3       18.7       17.6     0.0000        5.0        0.0     -450.0       15.6       21.8       10.4       4.00       1.00       1.60       0.30       0.60       0.10       0.12       0.18      0.000      0.000      0.000      0.000      0.000      0.000      0.000      0.000      0.000       0.00       0.36       0.00       0.00       0.00       0.00       0.00       0.00       0.00       0.00       8.12       0.55       0.26     -31.32
      2013        313        0.0        4.5       22.7       18.9     0.0000        6.0        0.0     -450.0       19.2       26.2       10.3       4.00       1.00       1.60       0.30       0.60       0.10       0.12       0.18      0.000      0.000      0.000      0.000      0.000      0.000      0.000      0.000      0.000       0.00       0.36       0.00       0.00       0.00       0.00       0.00       0.00       0.00       0.00       7.56       0.55       0.26     -31.32
      2013        314        2.5        0.3       16.0       18.7     5.1996        0.0        0.0     -450.0       13.6       20.9        9.3       4.00       1.00       1.60       0.30       0.60       0.10       0.12       0.18      0.000      0.000      0.000      0.000      0.000      0.000      0.000      0.000      0.000       0.00       0.36       0.00       0.00       0.00       0.00       0.00       0.00       0.00       0.00       2.92       0.55       0.26     -31.32
      2013        315        4.9        0.0       13.3       17.8     0.0000        1.0        0.0     -450.0       12.4       14.3       10.0       4.00       1.00       1.60       0.30       0.60       0.10       0.12       0.18      0.000      0.000      0.000      0.000      0.000      0.000      0.000      0.000      0.000       0.00       0.36       0.00       0.00       0.00       0.00       0.00       0.00       0.00       0.00       9.78       0.55       0.26     -31.32
      2013        316        4.5        0.0       13.7       16.9     0.0000        2.0        0.0     -450.0       12.4       14.8        9.5       4.00       1.00       1.60       0.30       0.60       0.10       0.12       0.18      0.000      0.000      0.000      0.000      0.000      0.000      0.000      0.000      0.000       0.00       0.36       0.00       0.00       0.00       0.00       0.00       0.00       0.00       0.00      10.26       0.55       0.26     -31.32
      2013        317        3.5        0.0       14.7       16.1     0.0000        3.0        0.0     -450.0       12.6       17.3       10.1       4.00       1.00       1.60       0.30       0.60       0.10       0.12       0.18      0.000      0.000      0.000      0.000      0.000      0.000      0.000      0.000      0.000       0.00       0.36       0.00       0.00       0.00       0.00       0.00       0.00       0.00       0.00       9.95       0.55       0.26     -31.32
      2013        318        4.0        0.0       14.2       14.4     0.3984        0.0        0.0     -450.0       12.5       16.0        8.4       4.00       1.00       1.60       0.30       0.60       0.10       0.12       0.18      0.000      0.000      0.000      0.000      0.000      0.000      0.000      0.000      0.000       0.00       0.36       0.00       0.00       0.00       0.00       0.00       0.00       0.00       0.00       5.78       0.55       0.26     -31.32
      2013        319        4.7        0.0       13.5       13.9     0.0000        1.0        0.0     -450.0       10.9       16.4       10.0       4.00       1.00       1.60       0.30       0.60       0.10       0.12       0.18      0.000      0.000      0.000      0.000      0.000      0.000      0.000      0.000      0.000       0.00       0.36       0.00       0.00       0.00       0.00       0.00       0.00       0.00       0.00       9.23       0.55       0.26     -31.32
      2013        320        3.5        0.0       14.7       14.1     0.0000        2.0        0.0     -450.0       11.6       17.8       10.1       4.00       1.00       1.60       0.30       0.60       0.10       0.12       0.18      0.000      0.000      0.000      0.000      0.000      0.000      0.000      0.000      0.000       0.00       0.36       0.00       0.00       0.00       0.00       0.00       0.00       0.00       0.00       9.70       0.55       0.26     -31.32
      2013        321        6.5        0.0       11.7       13.8     0.0000        3.0        0.0     -450.0        9.8       13.8       10.1       4.00       1.00       1.60       0.30       0.60       0.10       0.12       0.18      0.000      0.000      0.000      0.000      0.000      0.000      0.000      0.000      0.000       0.00       0.36       0.00       0.00       0.00       0.00       0.00       0.00       0.00       0.00      10.83       0.55       0.26     -31.32
      2013        322        8.0        0.0       10.2       12.8     0.0000        4.0        0.0     -450.0        7.8       12.3       10.0       4.00       1.00       1.60       0.30       0.60       0.10       0.12       0.18      0.000      0.000      0.000      0.000      0.000      0.000      0.000      0.000      0.000       0.00       0.36       0.00       0.00       0.00       0.00       0.00       0.00       0.00       0.00      11.51       0.55       0.26     -31.32
      2013        323        7.7        0.0       10.5       12.1     0.0000        5.0        0.0     -450.0        7.6       13.2        9.9       4.00       1.00       1.60       0.30       0.60       0.10       0.12       0.18      0.000      0.000      0.000      0.000      0.000      0.000      0.000      0.000      0.000       0.00       0.36       0.00       0.00       0.00       0.00       0.00       0.00       0.00       0.00      11.40       0.55       0.26     -31.32
      2013        324        4.8        0.0       13.4       12.1     0.0000        6.0        0.0     -450.0       10.5       17.2        9.9       4.00       1.00       1.60       0.30       0.60       0.10       0.12       0.18      0.000      0.000      0.000      0.000      0.000      0.000      0.000      0.000      0.000       0.00       0.36       0.00       0.00       0.00       0.00       0.00       0.00       0.00       0.00      10.22       0.55       0.26     -31.32
      2013        325        3.3        0.0       14.9       12.1     0.0000        7.0        0.0     -450.0       12.3       17.3        9.9       4.00       1.00       1.60       0.30       0.60       0.10       0.12       0.18      0.000      0.000      0.000      0.000      0.000      0.000      0.000      0.000      0.000       0.00       0.36       0.00       0.00       0.00       0.00       0.00       0.00       0.00       0.00       9.70       0.55       0.26     -31.32
      2013        326        3.0        0.0       15.2       12.8     0.0000        8.0        0.0     -450.0       14.1       16.8        9.9       4.00       1.00       1.60       0.30       0.60       0.10       0.12       0.18      0.000      0.000      0.000      0.000      0.000      0.000      0.000      0.000      0.000       0.00       0.36       0.00       0.00       0.00       0.00       0.00       0.00       0.00       0.00       8.81       0.55       0.26     -31.32
      2013        327        1.8        0.2       16.6       14.1     0.0000        9.0        0.0     -450.0       13.9       19.4       10.0       4.00       1.00       1.60       0.30       0.60       0.10       0.12       0.18      0.000      0.000      0.000      0.000      0.000      0.000      0.000      0.000      0.000       0.00       0.36       0.00       0.00       0.00       0.00       0.00       0.00       0.00       0.00       8.63       0.55       0.26     -31.32
      2013        328        3.5        0.0       14.7       15.0     7.2913        0.0        0.0     -450.0        9.0       18.1        7.6       4.00       1.00       1.60       0.30       0.60       0.10       0.12       0.18      0.000      0.000      0.000      0.000      0.000      0.000      0.000      0.000      0.000       0.00       0.36       0.00       0.00       0.00       0.00       0.00       0.00       0.00       0.00       1.27       0.55       0.26     -31.32
      2013        329        7.7        0.0       10.5       14.4     0.0083        0.0        0.0     -450.0        7.9       12.9        9.8       4.00       1.00       1.60       0.30       0.60       0.10       0.12       0.18      0.000      0.000      0.000      0.000      0.000      0.000      0.000      0.000      0.000       0.00       0.36       0.00       0.00       0.00       0.00       0.00       0.00       0.00       0.00      10.47       0.55       0.26     -31.32
      2013        330        6.7        0.0       11.5       13.7     0.0000        1.0        0.0     -450.0        8.6       13.8        9.7       4.00       1.00       1.60       0.30       0.60       0.10       0.12       0.18      0.000      0.000      0.000      0.000      0.000      0.000      0.000      0.000      0.000       0.00       0.36       0.00       0.00       0.00       0.00       0.00       0.00       0.00       0.00      11.38       0.55       0.26     -31.32
      2013        331        8.7        0.0        9.5       12.6     0.0000        2.0        0.0     -450.0        5.0       12.2        9.8       4.00       1.00       1.60       0.30       0.60       0.10       0.12       0.18      0.000      0.000      0.000      0.000      0.000      0.000      0.000      0.000      0.000       0.00       0.36       0.00       0.00       0.00       0.00       0.00       0.00       0.00       0.00      11.76       0.55       0.26     -31.32
      2013        332       13.3        0.0        4.9       10.2     0.0000        3.0        0.0     -450.0        2.4        7.3        9.8       4.00       1.00       1.60       0.30       0.60       0.10       0.12       0.18      0.000      0.000      0.000      0.000      0.000      0.000      0.000      0.000      0.000       0.00       0.36       0.00       0.00       0.00       0.00       0.00       0.00       0.00       0.00      15.34       0.55       0.26     -31.32
      2013        333       12.2        0.0        6.0        8.5     0.0000        4.0        0.0     -450.0        2.3        9.0        9.8       4.00       1.00       1.60       0.30       0.60       0.10       0.12       0.18      0.000      0.000      0.000      0.000      0.000      0.000      0.000      0.000      0.000       0.00       0.36       0.00       0.00       0.00       0.00       0.00       0.00       0.00       0.00      14.28       0.55       0.26     -31.32
