iy   id it imin qn      qh      qe      qs      qf      U    RH    Tair  pres   rain   kdown  snow    ldown  fcld    wuh       xsmd    lai     kdiff   kdir    wdir
2013 1  0  5    -999.00 -999.00 -999.00 -999.00 -999.00 4.92 85.87 11.69 100.17 0.0000 0.18   -999.00 367.25 -999.00 -999.0000 -999.00 -999.00 -999.00 -999.00 -999.00
2013 1  0  10   -999.00 -999.00 -999.00 -999.00 -999.00 4.87 85.80 11.70 100.17 0.0000 0.18   -999.00 367.34 -999.00 -999.0000 -999.00 -999.00 -999.00 -999.00 -999.00
2013 1  0  15   -999.00 -999.00 -999.00 -999.00 -999.00 4.81 85.72 11.72 100.16 0.0000 0.17   -999.00 367.43 -999.00 -999.0000 -999.00 -999.00 -999.00 -999.00 -999.00
2013 1  0  20   -999.00 -999.00 -999.00 -999.00 -999.00 4.75 85.65 11.73 100.16 0.0000 0.17   -999.00 367.52 -999.00 -999.0000 -999.00 -999.00 -999.00 -999.00 -999.00
2013 1  0  25   -999.00 -999.00 -999.00 -999.00 -999.00 4.70 85.58 11.75 100.16 0.0000 0.17   -999.00 367.61 -999.00 -999.0000 -999.00 -999.00 -999.00 -999.00 -999.00
2013 1  0  30   -999.00 -999.00 -999.00 -999.00 -999.00 4.64 85.51 11.76 100.15 0.0000 0.16   -999.00 367.70 -999.00 -999.0000 -999.00 -999.00 -999.00 -999.00 -999.00
2013 1  0  35   -999.00 -999.00 -999.00 -999.00 -999.00 4.59 85.46 11.77 100.15 0.0000 0.15   -999.00 367.74 -999.00 -999.0000 -999.00 -999.00 -999.00 -999.00 -999.00
2013 1  0  40   -999.00 -999.00 -999.00 -999.00 -999.00 4.54 85.45 11.78 100.15 0.0000 0.14   -999.00 367.73 -999.00 -999.0000 -999.00 -999.00 -999.00 -999.00 -999.00
2013 1  0  45   -999.00 -999.00 -999.00 -999.00 -999.00 4.50 85.44 11.79 100.16 0.0000 0.13   -999.00 367.71 -999.00 -999.0000 -999.00 -999.00 -999.00 -999.00 -999.00
2013 1  0  50   -999.00 -999.00 -999.00 -999.00 -999.00 4.46 85.42 11.80 100.16 0.0000 0.11   -999.00 367.70 -999.00 -999.0000 -999.00 -999.00 -999.00 -999.00 -999.00
2013 1  0  55   -999.00 -999.00 -999.00 -999.00 -999.00 4.41 85.41 11.81 100.16 0.0000 0.10   -999.00 367.68 -999.00 -999.0000 -999.00 -999.00 -999.00 -999.00 -999.00
2013 1  1  0    -999.00 -999.00 -999.00 -999.00 -999.00 4.37 85.40 11.82 100.16 0.0000 0.09   -999.00 367.67 -999.00 -999.0000 -999.00 -999.00 -999.00 -999.00 -999.00
2013 1  1  5    -999.00 -999.00 -999.00 -999.00 -999.00 4.32 85.38 11.82 100.17 0.0000 0.07   -999.00 367.65 -999.00 -999.0000 -999.00 -999.00 -999.00 -999.00 -999.00
2013 1  1  10   -999.00 -999.00 -999.00 -999.00 -999.00 4.28 85.37 11.83 100.17 0.0000 0.06   -999.00 367.64 -999.00 -999.0000 -999.00 -999.00 -999.00 -999.00 -999.00
2013 1  1  15   -999.00 -999.00 -999.00 -999.00 -999.00 4.23 85.36 11.84 100.17 0.0000 0.05   -999.00 367.62 -999.00 -999.0000 -999.00 -999.00 -999.00 -999.00 -999.00
2013 1  1  20   -999.00 -999.00 -999.00 -999.00 -999.00 4.19 85.34 11.85 100.17 0.0000 0.03   -999.00 367.61 -999.00 -999.0000 -999.00 -999.00 -999.00 -999.00 -999.00
2013 1  1  25   -999.00 -999.00 -999.00 -999.00 -999.00 4.15 85.33 11.86 100.18 0.0000 0.02   -999.00 367.59 -999.00 -999.0000 -999.00 -999.00 -999.00 -999.00 -999.00
2013 1  1  30   -999.00 -999.00 -999.00 -999.00 -999.00 4.10 85.32 11.87 100.18 0.0000 0.01   -999.00 367.58 -999.00 -999.0000 -999.00 -999.00 -999.00 -999.00 -999.00
2013 1  1  35   -999.00 -999.00 -999.00 -999.00 -999.00 4.11 85.39 11.86 100.18 0.0000 0.00   -999.00 366.96 -999.00 -999.0000 -999.00 -999.00 -999.00 -999.00 -999.00
2013 1  1  40   -999.00 -999.00 -999.00 -999.00 -999.00 4.16 85.55 11.84 100.17 0.0000 0.00   -999.00 365.75 -999.00 -999.0000 -999.00 -999.00 -999.00 -999.00 -999.00
2013 1  1  45   -999.00 -999.00 -999.00 -999.00 -999.00 4.22 85.72 11.82 100.17 0.0000 0.00   -999.00 364.53 -999.00 -999.0000 -999.00 -999.00 -999.00 -999.00 -999.00
2013 1  1  50   -999.00 -999.00 -999.00 -999.00 -999.00 4.28 85.88 11.80 100.17 0.0000 0.00   -999.00 363.31 -999.00 -999.0000 -999.00 -999.00 -999.00 -999.00 -999.00
2013 1  1  55   -999.00 -999.00 -999.00 -999.00 -999.00 4.33 86.04 11.78 100.16 0.0000 0.00   -999.00 362.10 -999.00 -999.0000 -999.00 -999.00 -999.00 -999.00 -999.00
2013 1  2  0    -999.00 -999.00 -999.00 -999.00 -999.00 4.39 86.20 11.76 100.16 0.0000 0.00   -999.00 360.88 -999.00 -999.0000 -999.00 -999.00 -999.00 -999.00 -999.00
2013 1  2  5    -999.00 -999.00 -999.00 -999.00 -999.00 4.44 86.37 11.73 100.15 0.0000 0.00   -999.00 359.67 -999.00 -999.0000 -999.00 -999.00 -999.00 -999.00 -999.00
2013 1  2  10   -999.00 -999.00 -999.00 -999.00 -999.00 4.50 86.53 11.71 100.15 0.0000 0.00   -999.00 358.45 -999.00 -999.0000 -999.00 -999.00 -999.00 -999.00 -999.00
2013 1  2  15   -999.00 -999.00 -999.00 -999.00 -999.00 4.55 86.69 11.69 100.14 0.0000 0.00   -999.00 357.24 -999.00 -999.0000 -999.00 -999.00 -999.00 -999.00 -999.00
2013 1  2  20   -999.00 -999.00 -999.00 -999.00 -999.00 4.61 86.85 11.67 100.14 0.0000 0.00   -999.00 356.02 -999.00 -999.0000 -999.00 -999.00 -999.00 -999.00 -999.00
2013 1  2  25   -999.00 -999.00 -999.00 -999.00 -999.00 4.67 87.02 11.65 100.14 0.0000 0.00   -999.00 354.80 -999.00 -999.0000 -999.00 -999.00 -999.00 -999.00 -999.00
2013 1  2  30   -999.00 -999.00 -999.00 -999.00 -999.00 4.72 87.18 11.63 100.13 0.0000 0.00   -999.00 353.59 -999.00 -999.0000 -999.00 -999.00 -999.00 -999.00 -999.00
2013 1  2  35   -999.00 -999.00 -999.00 -999.00 -999.00 4.74 87.24 11.62 100.13 0.0000 0.00   -999.00 352.18 -999.00 -999.0000 -999.00 -999.00 -999.00 -999.00 -999.00
2013 1  2  40   -999.00 -999.00 -999.00 -999.00 -999.00 4.71 87.21 11.61 100.13 0.0000 0.00   -999.00 350.58 -999.00 -999.0000 -999.00 -999.00 -999.00 -999.00 -999.00
2013 1  2  45   -999.00 -999.00 -999.00 -999.00 -999.00 4.68 87.18 11.60 100.13 0.0000 0.00   -999.00 348.97 -999.00 -999.0000 -999.00 -999.00 -999.00 -999.00 -999.00
2013 1  2  50   -999.00 -999.00 -999.00 -999.00 -999.00 4.65 87.15 11.59 100.13 0.0000 0.00   -999.00 347.37 -999.00 -999.0000 -999.00 -999.00 -999.00 -999.00 -999.00
2013 1  2  55   -999.00 -999.00 -999.00 -999.00 -999.00 4.63 87.12 11.58 100.13 0.0000 0.00   -999.00 345.77 -999.00 -999.0000 -999.00 -999.00 -999.00 -999.00 -999.00
2013 1  3  0    -999.00 -999.00 -999.00 -999.00 -999.00 4.60 87.09 11.57 100.13 0.0000 0.00   -999.00 344.17 -999.00 -999.0000 -999.00 -999.00 -999.00 -999.00 -999.00
2013 1  3  5    -999.00 -999.00 -999.00 -999.00 -999.00 4.57 87.05 11.55 100.13 0.0000 0.00   -999.00 342.56 -999.00 -999.0000 -999.00 -999.00 -999.00 -999.00 -999.00
2013 1  3  10   -999.00 -999.00 -999.00 -999.00 -999.00 4.54 87.02 11.54 100.13 0.0000 0.00   -999.00 340.96 -999.00 -999.0000 -999.00 -999.00 -999.00 -999.00 -999.00
2013 1  3  15   -999.00 -999.00 -999.00 -999.00 -999.00 4.52 86.99 11.54 100.13 0.0000 0.00   -999.00 339.36 -999.00 -999.0000 -999.00 -999.00 -999.00 -999.00 -999.00
2013 1  3  20   -999.00 -999.00 -999.00 -999.00 -999.00 4.49 86.96 11.53 100.13 0.0000 0.00   -999.00 337.76 -999.00 -999.0000 -999.00 -999.00 -999.00 -999.00 -999.00
2013 1  3  25   -999.00 -999.00 -999.00 -999.00 -999.00 4.46 86.93 11.52 100.13 0.0000 0.00   -999.00 336.15 -999.00 -999.0000 -999.00 -999.00 -999.00 -999.00 -999.00
2013 1  3  30   -999.00 -999.00 -999.00 -999.00 -999.00 4.43 86.90 11.51 100.13 0.0000 0.00   -999.00 334.55 -999.00 -999.0000 -999.00 -999.00 -999.00 -999.00 -999.00
2013 1  3  35   -999.00 -999.00 -999.00 -999.00 -999.00 4.45 86.83 11.50 100.13 0.0000 0.00   -999.00 333.67 -999.00 -999.0000 -999.00 -999.00 -999.00 -999.00 -999.00
2013 1  3  40   -999.00 -999.00 -999.00 -999.00 -999.00 4.51 86.72 11.50 100.13 0.0000 0.00   -999.00 333.52 -999.00 -999.0000 -999.00 -999.00 -999.00 -999.00 -999.00
2013 1  3  45   -999.00 -999.00 -999.00 -999.00 -999.00 4.57 86.62 11.50 100.13 0.0000 0.00   -999.00 333.37 -999.00 -999.0000 -999.00 -999.00 -999.00 -999.00 -999.00
2013 1  3  50   -999.00 -999.00 -999.00 -999.00 -999.00 4.63 86.51 11.49 100.12 0.0000 0.00   -999.00 333.21 -999.00 -999.0000 -999.00 -999.00 -999.00 -999.00 -999.00
2013 1  3  55   -999.00 -999.00 -999.00 -999.00 -999.00 4.69 86.41 11.49 100.12 0.0000 0.00   -999.00 333.06 -999.00 -999.0000 -999.00 -999.00 -999.00 -999.00 -999.00
2013 1  4  0    -999.00 -999.00 -999.00 -999.00 -999.00 4.75 86.30 11.49 100.12 0.0000 0.00   -999.00 332.91 -999.00 -999.0000 -999.00 -999.00 -999.00 -999.00 -999.00
2013 1  4  5    -999.00 -999.00 -999.00 -999.00 -999.00 4.80 86.20 11.49 100.12 0.0000 0.00   -999.00 332.75 -999.00 -999.0000 -999.00 -999.00 -999.00 -999.00 -999.00
2013 1  4  10   -999.00 -999.00 -999.00 -999.00 -999.00 4.86 86.09 11.49 100.12 0.0000 0.00   -999.00 332.60 -999.00 -999.0000 -999.00 -999.00 -999.00 -999.00 -999.00
2013 1  4  15   -999.00 -999.00 -999.00 -999.00 -999.00 4.92 85.99 11.49 100.12 0.0000 0.00   -999.00 332.45 -999.00 -999.0000 -999.00 -999.00 -999.00 -999.00 -999.00
2013 1  4  20   -999.00 -999.00 -999.00 -999.00 -999.00 4.98 85.88 11.48 100.11 0.0000 0.00   -999.00 332.29 -999.00 -999.0000 -999.00 -999.00 -999.00 -999.00 -999.00
2013 1  4  25   -999.00 -999.00 -999.00 -999.00 -999.00 5.04 85.78 11.48 100.11 0.0000 0.00   -999.00 332.14 -999.00 -999.0000 -999.00 -999.00 -999.00 -999.00 -999.00
2013 1  4  30   -999.00 -999.00 -999.00 -999.00 -999.00 5.10 85.67 11.48 100.11 0.0000 0.00   -999.00 331.99 -999.00 -999.0000 -999.00 -999.00 -999.00 -999.00 -999.00
2013 1  4  35   -999.00 -999.00 -999.00 -999.00 -999.00 5.10 85.54 11.48 100.11 0.0000 0.00   -999.00 331.53 -999.00 -999.0000 -999.00 -999.00 -999.00 -999.00 -999.00
2013 1  4  40   -999.00 -999.00 -999.00 -999.00 -999.00 5.05 85.39 11.48 100.11 0.0000 0.00   -999.00 330.78 -999.00 -999.0000 -999.00 -999.00 -999.00 -999.00 -999.00
2013 1  4  45   -999.00 -999.00 -999.00 -999.00 -999.00 4.99 85.23 11.48 100.11 0.0000 0.00   -999.00 330.03 -999.00 -999.0000 -999.00 -999.00 -999.00 -999.00 -999.00
2013 1  4  50   -999.00 -999.00 -999.00 -999.00 -999.00 4.94 85.07 11.47 100.11 0.0000 0.00   -999.00 329.28 -999.00 -999.0000 -999.00 -999.00 -999.00 -999.00 -999.00
2013 1  4  55   -999.00 -999.00 -999.00 -999.00 -999.00 4.89 84.92 11.47 100.11 0.0000 0.00   -999.00 328.53 -999.00 -999.0000 -999.00 -999.00 -999.00 -999.00 -999.00
2013 1  5  0    -999.00 -999.00 -999.00 -999.00 -999.00 4.83 84.76 11.47 100.11 0.0000 0.00   -999.00 327.78 -999.00 -999.0000 -999.00 -999.00 -999.00 -999.00 -999.00
2013 1  5  5    -999.00 -999.00 -999.00 -999.00 -999.00 4.78 84.61 11.47 100.11 0.0000 0.00   -999.00 327.03 -999.00 -999.0000 -999.00 -999.00 -999.00 -999.00 -999.00
2013 1  5  10   -999.00 -999.00 -999.00 -999.00 -999.00 4.72 84.45 11.47 100.11 0.0000 0.00   -999.00 326.28 -999.00 -999.0000 -999.00 -999.00 -999.00 -999.00 -999.00
2013 1  5  15   -999.00 -999.00 -999.00 -999.00 -999.00 4.67 84.30 11.47 100.11 0.0000 0.00   -999.00 325.53 -999.00 -999.0000 -999.00 -999.00 -999.00 -999.00 -999.00
2013 1  5  20   -999.00 -999.00 -999.00 -999.00 -999.00 4.62 84.14 11.46 100.11 0.0000 0.00   -999.00 324.78 -999.00 -999.0000 -999.00 -999.00 -999.00 -999.00 -999.00
2013 1  5  25   -999.00 -999.00 -999.00 -999.00 -999.00 4.56 83.98 11.46 100.11 0.0000 0.00   -999.00 324.03 -999.00 -999.0000 -999.00 -999.00 -999.00 -999.00 -999.00
2013 1  5  30   -999.00 -999.00 -999.00 -999.00 -999.00 4.51 83.83 11.46 100.11 0.0000 0.00   -999.00 323.28 -999.00 -999.0000 -999.00 -999.00 -999.00 -999.00 -999.00
2013 1  5  35   -999.00 -999.00 -999.00 -999.00 -999.00 4.48 83.71 11.45 100.11 0.0000 0.00   -999.00 322.56 -999.00 -999.0000 -999.00 -999.00 -999.00 -999.00 -999.00
2013 1  5  40   -999.00 -999.00 -999.00 -999.00 -999.00 4.48 83.63 11.43 100.11 0.0000 0.00   -999.00 321.87 -999.00 -999.0000 -999.00 -999.00 -999.00 -999.00 -999.00
2013 1  5  45   -999.00 -999.00 -999.00 -999.00 -999.00 4.48 83.56 11.41 100.11 0.0000 0.00   -999.00 321.19 -999.00 -999.0000 -999.00 -999.00 -999.00 -999.00 -999.00
2013 1  5  50   -999.00 -999.00 -999.00 -999.00 -999.00 4.48 83.48 11.39 100.11 0.0000 0.00   -999.00 320.51 -999.00 -999.0000 -999.00 -999.00 -999.00 -999.00 -999.00
2013 1  5  55   -999.00 -999.00 -999.00 -999.00 -999.00 4.48 83.40 11.37 100.11 0.0000 0.00   -999.00 319.82 -999.00 -999.0000 -999.00 -999.00 -999.00 -999.00 -999.00
2013 1  6  0    -999.00 -999.00 -999.00 -999.00 -999.00 4.48 83.32 11.35 100.11 0.0000 0.00   -999.00 319.14 -999.00 -999.0000 -999.00 -999.00 -999.00 -999.00 -999.00
2013 1  6  5    -999.00 -999.00 -999.00 -999.00 -999.00 4.48 83.25 11.34 100.10 0.0000 0.00   -999.00 318.46 -999.00 -999.0000 -999.00 -999.00 -999.00 -999.00 -999.00
2013 1  6  10   -999.00 -999.00 -999.00 -999.00 -999.00 4.48 83.17 11.32 100.10 0.0000 0.00   -999.00 317.77 -999.00 -999.0000 -999.00 -999.00 -999.00 -999.00 -999.00
2013 1  6  15   -999.00 -999.00 -999.00 -999.00 -999.00 4.48 83.09 11.30 100.10 0.0000 0.00   -999.00 317.09 -999.00 -999.0000 -999.00 -999.00 -999.00 -999.00 -999.00
2013 1  6  20   -999.00 -999.00 -999.00 -999.00 -999.00 4.48 83.01 11.28 100.10 0.0000 0.00   -999.00 316.41 -999.00 -999.0000 -999.00 -999.00 -999.00 -999.00 -999.00
2013 1  6  25   -999.00 -999.00 -999.00 -999.00 -999.00 4.48 82.94 11.26 100.10 0.0000 0.00   -999.00 315.72 -999.00 -999.0000 -999.00 -999.00 -999.00 -999.00 -999.00
2013 1  6  30   -999.00 -999.00 -999.00 -999.00 -999.00 4.48 82.86 11.24 100.10 0.0000 0.00   -999.00 315.04 -999.00 -999.0000 -999.00 -999.00 -999.00 -999.00 -999.00
2013 1  6  35   -999.00 -999.00 -999.00 -999.00 -999.00 4.47 82.80 11.22 100.10 0.0000 0.00   -999.00 314.92 -999.00 -999.0000 -999.00 -999.00 -999.00 -999.00 -999.00
2013 1  6  40   -999.00 -999.00 -999.00 -999.00 -999.00 4.45 82.77 11.21 100.10 0.0000 0.00   -999.00 315.36 -999.00 -999.0000 -999.00 -999.00 -999.00 -999.00 -999.00
2013 1  6  45   -999.00 -999.00 -999.00 -999.00 -999.00 4.43 82.73 11.19 100.10 0.0000 0.00   -999.00 315.80 -999.00 -999.0000 -999.00 -999.00 -999.00 -999.00 -999.00
2013 1  6  50   -999.00 -999.00 -999.00 -999.00 -999.00 4.41 82.70 11.17 100.10 0.0000 0.01   -999.00 316.24 -999.00 -999.0000 -999.00 -999.00 -999.00 -999.00 -999.00
2013 1  6  55   -999.00 -999.00 -999.00 -999.00 -999.00 4.39 82.66 11.16 100.10 0.0000 0.01   -999.00 316.68 -999.00 -999.0000 -999.00 -999.00 -999.00 -999.00 -999.00
2013 1  7  0    -999.00 -999.00 -999.00 -999.00 -999.00 4.37 82.63 11.14 100.10 0.0000 0.01   -999.00 317.12 -999.00 -999.0000 -999.00 -999.00 -999.00 -999.00 -999.00
2013 1  7  5    -999.00 -999.00 -999.00 -999.00 -999.00 4.36 82.59 11.13 100.10 0.0000 0.01   -999.00 317.55 -999.00 -999.0000 -999.00 -999.00 -999.00 -999.00 -999.00
2013 1  7  10   -999.00 -999.00 -999.00 -999.00 -999.00 4.34 82.56 11.11 100.10 0.0000 0.01   -999.00 317.99 -999.00 -999.0000 -999.00 -999.00 -999.00 -999.00 -999.00
2013 1  7  15   -999.00 -999.00 -999.00 -999.00 -999.00 4.32 82.52 11.10 100.10 0.0000 0.01   -999.00 318.43 -999.00 -999.0000 -999.00 -999.00 -999.00 -999.00 -999.00
2013 1  7  20   -999.00 -999.00 -999.00 -999.00 -999.00 4.30 82.49 11.08 100.10 0.0000 0.02   -999.00 318.87 -999.00 -999.0000 -999.00 -999.00 -999.00 -999.00 -999.00
2013 1  7  25   -999.00 -999.00 -999.00 -999.00 -999.00 4.28 82.45 11.06 100.10 0.0000 0.02   -999.00 319.31 -999.00 -999.0000 -999.00 -999.00 -999.00 -999.00 -999.00
2013 1  7  30   -999.00 -999.00 -999.00 -999.00 -999.00 4.26 82.42 11.05 100.10 0.0000 0.02   -999.00 319.75 -999.00 -999.0000 -999.00 -999.00 -999.00 -999.00 -999.00
2013 1  7  35   -999.00 -999.00 -999.00 -999.00 -999.00 4.23 82.42 11.03 100.10 0.0000 0.63   -999.00 320.23 -999.00 -999.0000 -999.00 -999.00 -999.00 -999.00 -999.00
2013 1  7  40   -999.00 -999.00 -999.00 -999.00 -999.00 4.18 82.47 11.01 100.10 0.0000 1.86   -999.00 320.76 -999.00 -999.0000 -999.00 -999.00 -999.00 -999.00 -999.00
2013 1  7  45   -999.00 -999.00 -999.00 -999.00 -999.00 4.14 82.51 10.99 100.10 0.0000 3.09   -999.00 321.28 -999.00 -999.0000 -999.00 -999.00 -999.00 -999.00 -999.00
2013 1  7  50   -999.00 -999.00 -999.00 -999.00 -999.00 4.10 82.55 10.98 100.10 0.0000 4.32   -999.00 321.80 -999.00 -999.0000 -999.00 -999.00 -999.00 -999.00 -999.00
2013 1  7  55   -999.00 -999.00 -999.00 -999.00 -999.00 4.05 82.60 10.96 100.10 0.0000 5.54   -999.00 322.33 -999.00 -999.0000 -999.00 -999.00 -999.00 -999.00 -999.00
2013 1  8  0    -999.00 -999.00 -999.00 -999.00 -999.00 4.01 82.64 10.94 100.10 0.0000 6.77   -999.00 322.85 -999.00 -999.0000 -999.00 -999.00 -999.00 -999.00 -999.00
2013 1  8  5    -999.00 -999.00 -999.00 -999.00 -999.00 3.97 82.68 10.92 100.10 0.0000 8.00   -999.00 323.37 -999.00 -999.0000 -999.00 -999.00 -999.00 -999.00 -999.00
2013 1  8  10   -999.00 -999.00 -999.00 -999.00 -999.00 3.92 82.73 10.90 100.10 0.0000 9.23   -999.00 323.90 -999.00 -999.0000 -999.00 -999.00 -999.00 -999.00 -999.00
2013 1  8  15   -999.00 -999.00 -999.00 -999.00 -999.00 3.88 82.77 10.88 100.10 0.0000 10.45  -999.00 324.42 -999.00 -999.0000 -999.00 -999.00 -999.00 -999.00 -999.00
2013 1  8  20   -999.00 -999.00 -999.00 -999.00 -999.00 3.84 82.81 10.87 100.10 0.0000 11.68  -999.00 324.94 -999.00 -999.0000 -999.00 -999.00 -999.00 -999.00 -999.00
2013 1  8  25   -999.00 -999.00 -999.00 -999.00 -999.00 3.79 82.86 10.85 100.10 0.0000 12.91  -999.00 325.47 -999.00 -999.0000 -999.00 -999.00 -999.00 -999.00 -999.00
2013 1  8  30   -999.00 -999.00 -999.00 -999.00 -999.00 3.75 82.90 10.83 100.10 0.0000 14.14  -999.00 325.99 -999.00 -999.0000 -999.00 -999.00 -999.00 -999.00 -999.00
2013 1  8  35   -999.00 -999.00 -999.00 -999.00 -999.00 3.76 82.89 10.82 100.10 0.0000 16.26  -999.00 326.62 -999.00 -999.0000 -999.00 -999.00 -999.00 -999.00 -999.00
2013 1  8  40   -999.00 -999.00 -999.00 -999.00 -999.00 3.81 82.84 10.83 100.09 0.0000 19.29  -999.00 327.35 -999.00 -999.0000 -999.00 -999.00 -999.00 -999.00 -999.00
2013 1  8  45   -999.00 -999.00 -999.00 -999.00 -999.00 3.86 82.79 10.84 100.09 0.0000 22.31  -999.00 328.09 -999.00 -999.0000 -999.00 -999.00 -999.00 -999.00 -999.00
2013 1  8  50   -999.00 -999.00 -999.00 -999.00 -999.00 3.91 82.74 10.84 100.09 0.0000 25.34  -999.00 328.82 -999.00 -999.0000 -999.00 -999.00 -999.00 -999.00 -999.00
2013 1  8  55   -999.00 -999.00 -999.00 -999.00 -999.00 3.96 82.69 10.85 100.08 0.0000 28.37  -999.00 329.56 -999.00 -999.0000 -999.00 -999.00 -999.00 -999.00 -999.00
2013 1  9  0    -999.00 -999.00 -999.00 -999.00 -999.00 4.01 82.64 10.86 100.08 0.0000 31.39  -999.00 330.29 -999.00 -999.0000 -999.00 -999.00 -999.00 -999.00 -999.00
2013 1  9  5    -999.00 -999.00 -999.00 -999.00 -999.00 4.06 82.58 10.86 100.08 0.0000 34.42  -999.00 331.03 -999.00 -999.0000 -999.00 -999.00 -999.00 -999.00 -999.00
2013 1  9  10   -999.00 -999.00 -999.00 -999.00 -999.00 4.11 82.53 10.87 100.08 0.0000 37.44  -999.00 331.76 -999.00 -999.0000 -999.00 -999.00 -999.00 -999.00 -999.00
2013 1  9  15   -999.00 -999.00 -999.00 -999.00 -999.00 4.16 82.48 10.88 100.07 0.0000 40.47  -999.00 332.50 -999.00 -999.0000 -999.00 -999.00 -999.00 -999.00 -999.00
2013 1  9  20   -999.00 -999.00 -999.00 -999.00 -999.00 4.21 82.43 10.88 100.07 0.0000 43.50  -999.00 333.23 -999.00 -999.0000 -999.00 -999.00 -999.00 -999.00 -999.00
2013 1  9  25   -999.00 -999.00 -999.00 -999.00 -999.00 4.26 82.38 10.89 100.06 0.0000 46.52  -999.00 333.97 -999.00 -999.0000 -999.00 -999.00 -999.00 -999.00 -999.00
2013 1  9  30   -999.00 -999.00 -999.00 -999.00 -999.00 4.31 82.33 10.90 100.06 0.0000 49.55  -999.00 334.70 -999.00 -999.0000 -999.00 -999.00 -999.00 -999.00 -999.00
2013 1  9  35   -999.00 -999.00 -999.00 -999.00 -999.00 4.37 82.14 10.92 100.06 0.0000 52.59  -999.00 335.54 -999.00 -999.0000 -999.00 -999.00 -999.00 -999.00 -999.00
2013 1  9  40   -999.00 -999.00 -999.00 -999.00 -999.00 4.44 81.82 10.95 100.05 0.0000 55.64  -999.00 336.49 -999.00 -999.0000 -999.00 -999.00 -999.00 -999.00 -999.00
2013 1  9  45   -999.00 -999.00 -999.00 -999.00 -999.00 4.51 81.51 10.99 100.05 0.0000 58.70  -999.00 337.44 -999.00 -999.0000 -999.00 -999.00 -999.00 -999.00 -999.00
2013 1  9  50   -999.00 -999.00 -999.00 -999.00 -999.00 4.58 81.19 11.02 100.04 0.0000 61.76  -999.00 338.39 -999.00 -999.0000 -999.00 -999.00 -999.00 -999.00 -999.00
2013 1  9  55   -999.00 -999.00 -999.00 -999.00 -999.00 4.65 80.88 11.06 100.04 0.0000 64.81  -999.00 339.34 -999.00 -999.0000 -999.00 -999.00 -999.00 -999.00 -999.00
2013 1  10 0    -999.00 -999.00 -999.00 -999.00 -999.00 4.72 80.56 11.09 100.03 0.0000 67.87  -999.00 340.29 -999.00 -999.0000 -999.00 -999.00 -999.00 -999.00 -999.00
2013 1  10 5    -999.00 -999.00 -999.00 -999.00 -999.00 4.79 80.24 11.13 100.03 0.0000 70.92  -999.00 341.24 -999.00 -999.0000 -999.00 -999.00 -999.00 -999.00 -999.00
2013 1  10 10   -999.00 -999.00 -999.00 -999.00 -999.00 4.86 79.92 11.16 100.02 0.0000 73.98  -999.00 342.19 -999.00 -999.0000 -999.00 -999.00 -999.00 -999.00 -999.00
2013 1  10 15   -999.00 -999.00 -999.00 -999.00 -999.00 4.93 79.61 11.20 100.02 0.0000 77.03  -999.00 343.14 -999.00 -999.0000 -999.00 -999.00 -999.00 -999.00 -999.00
2013 1  10 20   -999.00 -999.00 -999.00 -999.00 -999.00 5.00 79.29 11.23 100.01 0.0000 80.09  -999.00 344.09 -999.00 -999.0000 -999.00 -999.00 -999.00 -999.00 -999.00
2013 1  10 25   -999.00 -999.00 -999.00 -999.00 -999.00 5.07 78.97 11.27 100.01 0.0000 83.15  -999.00 345.04 -999.00 -999.0000 -999.00 -999.00 -999.00 -999.00 -999.00
2013 1  10 30   -999.00 -999.00 -999.00 -999.00 -999.00 5.14 78.66 11.30 100.00 0.0000 86.20  -999.00 345.99 -999.00 -999.0000 -999.00 -999.00 -999.00 -999.00 -999.00
2013 1  10 35   -999.00 -999.00 -999.00 -999.00 -999.00 5.17 78.37 11.32 100.00 0.0000 87.19  -999.00 346.54 -999.00 -999.0000 -999.00 -999.00 -999.00 -999.00 -999.00
2013 1  10 40   -999.00 -999.00 -999.00 -999.00 -999.00 5.17 78.12 11.33 99.99  0.0000 86.12  -999.00 346.70 -999.00 -999.0000 -999.00 -999.00 -999.00 -999.00 -999.00
2013 1  10 45   -999.00 -999.00 -999.00 -999.00 -999.00 5.16 77.86 11.34 99.99  0.0000 85.05  -999.00 346.85 -999.00 -999.0000 -999.00 -999.00 -999.00 -999.00 -999.00
2013 1  10 50   -999.00 -999.00 -999.00 -999.00 -999.00 5.16 77.60 11.34 99.98  0.0000 83.98  -999.00 347.01 -999.00 -999.0000 -999.00 -999.00 -999.00 -999.00 -999.00
2013 1  10 55   -999.00 -999.00 -999.00 -999.00 -999.00 5.16 77.35 11.35 99.98  0.0000 82.91  -999.00 347.17 -999.00 -999.0000 -999.00 -999.00 -999.00 -999.00 -999.00
2013 1  11 0    -999.00 -999.00 -999.00 -999.00 -999.00 5.16 77.09 11.36 99.97  0.0000 81.84  -999.00 347.33 -999.00 -999.0000 -999.00 -999.00 -999.00 -999.00 -999.00
2013 1  11 5    -999.00 -999.00 -999.00 -999.00 -999.00 5.15 76.84 11.36 99.97  0.0000 80.77  -999.00 347.48 -999.00 -999.0000 -999.00 -999.00 -999.00 -999.00 -999.00
2013 1  11 10   -999.00 -999.00 -999.00 -999.00 -999.00 5.15 76.58 11.37 99.96  0.0000 79.70  -999.00 347.64 -999.00 -999.0000 -999.00 -999.00 -999.00 -999.00 -999.00
2013 1  11 15   -999.00 -999.00 -999.00 -999.00 -999.00 5.15 76.33 11.38 99.96  0.0000 78.63  -999.00 347.80 -999.00 -999.0000 -999.00 -999.00 -999.00 -999.00 -999.00
2013 1  11 20   -999.00 -999.00 -999.00 -999.00 -999.00 5.15 76.07 11.38 99.95  0.0000 77.56  -999.00 347.96 -999.00 -999.0000 -999.00 -999.00 -999.00 -999.00 -999.00
2013 1  11 25   -999.00 -999.00 -999.00 -999.00 -999.00 5.14 75.81 11.39 99.95  0.0000 76.49  -999.00 348.11 -999.00 -999.0000 -999.00 -999.00 -999.00 -999.00 -999.00
2013 1  11 30   -999.00 -999.00 -999.00 -999.00 -999.00 5.14 75.56 11.40 99.94  0.0000 75.42  -999.00 348.27 -999.00 -999.0000 -999.00 -999.00 -999.00 -999.00 -999.00
2013 1  11 35   -999.00 -999.00 -999.00 -999.00 -999.00 5.12 75.39 11.40 99.94  0.0000 73.81  -999.00 348.54 -999.00 -999.0000 -999.00 -999.00 -999.00 -999.00 -999.00
2013 1  11 40   -999.00 -999.00 -999.00 -999.00 -999.00 5.08 75.32 11.39 99.93  0.0000 71.66  -999.00 348.91 -999.00 -999.0000 -999.00 -999.00 -999.00 -999.00 -999.00
2013 1  11 45   -999.00 -999.00 -999.00 -999.00 -999.00 5.04 75.25 11.39 99.92  0.0000 69.52  -999.00 349.29 -999.00 -999.0000 -999.00 -999.00 -999.00 -999.00 -999.00
2013 1  11 50   -999.00 -999.00 -999.00 -999.00 -999.00 5.00 75.18 11.39 99.91  0.0000 67.37  -999.00 349.66 -999.00 -999.0000 -999.00 -999.00 -999.00 -999.00 -999.00
2013 1  11 55   -999.00 -999.00 -999.00 -999.00 -999.00 4.96 75.10 11.38 99.90  0.0000 65.23  -999.00 350.03 -999.00 -999.0000 -999.00 -999.00 -999.00 -999.00 -999.00
2013 1  12 0    -999.00 -999.00 -999.00 -999.00 -999.00 4.92 75.03 11.38 99.89  0.0000 63.08  -999.00 350.41 -999.00 -999.0000 -999.00 -999.00 -999.00 -999.00 -999.00
2013 1  12 5    -999.00 -999.00 -999.00 -999.00 -999.00 4.88 74.96 11.37 99.88  0.0000 60.94  -999.00 350.78 -999.00 -999.0000 -999.00 -999.00 -999.00 -999.00 -999.00
2013 1  12 10   -999.00 -999.00 -999.00 -999.00 -999.00 4.84 74.89 11.37 99.87  0.0000 58.79  -999.00 351.16 -999.00 -999.0000 -999.00 -999.00 -999.00 -999.00 -999.00
2013 1  12 15   -999.00 -999.00 -999.00 -999.00 -999.00 4.80 74.81 11.36 99.86  0.0000 56.65  -999.00 351.53 -999.00 -999.0000 -999.00 -999.00 -999.00 -999.00 -999.00
2013 1  12 20   -999.00 -999.00 -999.00 -999.00 -999.00 4.76 74.74 11.36 99.85  0.0000 54.50  -999.00 351.90 -999.00 -999.0000 -999.00 -999.00 -999.00 -999.00 -999.00
2013 1  12 25   -999.00 -999.00 -999.00 -999.00 -999.00 4.72 74.67 11.36 99.84  0.0000 52.36  -999.00 352.28 -999.00 -999.0000 -999.00 -999.00 -999.00 -999.00 -999.00
2013 1  12 30   -999.00 -999.00 -999.00 -999.00 -999.00 4.68 74.60 11.35 99.83  0.0000 50.21  -999.00 352.65 -999.00 -999.0000 -999.00 -999.00 -999.00 -999.00 -999.00
2013 1  12 35   -999.00 -999.00 -999.00 -999.00 -999.00 4.63 74.63 11.35 99.82  0.0000 48.50  -999.00 352.68 -999.00 -999.0000 -999.00 -999.00 -999.00 -999.00 -999.00
2013 1  12 40   -999.00 -999.00 -999.00 -999.00 -999.00 4.56 74.77 11.35 99.81  0.0000 47.21  -999.00 352.36 -999.00 -999.0000 -999.00 -999.00 -999.00 -999.00 -999.00
2013 1  12 45   -999.00 -999.00 -999.00 -999.00 -999.00 4.50 74.90 11.34 99.80  0.0000 45.92  -999.00 352.04 -999.00 -999.0000 -999.00 -999.00 -999.00 -999.00 -999.00
2013 1  12 50   -999.00 -999.00 -999.00 -999.00 -999.00 4.43 75.04 11.34 99.79  0.0000 44.62  -999.00 351.72 -999.00 -999.0000 -999.00 -999.00 -999.00 -999.00 -999.00
2013 1  12 55   -999.00 -999.00 -999.00 -999.00 -999.00 4.37 75.18 11.34 99.77  0.0000 43.34  -999.00 351.40 -999.00 -999.0000 -999.00 -999.00 -999.00 -999.00 -999.00
2013 1  13 0    -999.00 -999.00 -999.00 -999.00 -999.00 4.30 75.31 11.34 99.76  0.0000 42.05  -999.00 351.08 -999.00 -999.0000 -999.00 -999.00 -999.00 -999.00 -999.00
2013 1  13 5    -999.00 -999.00 -999.00 -999.00 -999.00 4.24 75.45 11.33 99.75  0.0167 40.76  -999.00 350.75 -999.00 -999.0000 -999.00 -999.00 -999.00 -999.00 -999.00
2013 1  13 10   -999.00 -999.00 -999.00 -999.00 -999.00 4.17 75.59 11.33 99.74  0.0167 39.47  -999.00 350.43 -999.00 -999.0000 -999.00 -999.00 -999.00 -999.00 -999.00
2013 1  13 15   -999.00 -999.00 -999.00 -999.00 -999.00 4.11 75.72 11.33 99.72  0.0167 38.17  -999.00 350.11 -999.00 -999.0000 -999.00 -999.00 -999.00 -999.00 -999.00
2013 1  13 20   -999.00 -999.00 -999.00 -999.00 -999.00 4.04 75.86 11.33 99.71  0.0167 36.89  -999.00 349.79 -999.00 -999.0000 -999.00 -999.00 -999.00 -999.00 -999.00
2013 1  13 25   -999.00 -999.00 -999.00 -999.00 -999.00 3.98 76.00 11.32 99.70  0.0167 35.59  -999.00 349.47 -999.00 -999.0000 -999.00 -999.00 -999.00 -999.00 -999.00
2013 1  13 30   -999.00 -999.00 -999.00 -999.00 -999.00 3.91 76.13 11.32 99.69  0.0167 34.30  -999.00 349.15 -999.00 -999.0000 -999.00 -999.00 -999.00 -999.00 -999.00
2013 1  13 35   -999.00 -999.00 -999.00 -999.00 -999.00 3.83 76.54 11.30 99.68  0.0167 32.51  -999.00 349.52 -999.00 -999.0000 -999.00 -999.00 -999.00 -999.00 -999.00
2013 1  13 40   -999.00 -999.00 -999.00 -999.00 -999.00 3.74 77.23 11.25 99.67  0.0167 30.20  -999.00 350.59 -999.00 -999.0000 -999.00 -999.00 -999.00 -999.00 -999.00
2013 1  13 45   -999.00 -999.00 -999.00 -999.00 -999.00 3.64 77.92 11.21 99.67  0.0167 27.89  -999.00 351.66 -999.00 -999.0000 -999.00 -999.00 -999.00 -999.00 -999.00
2013 1  13 50   -999.00 -999.00 -999.00 -999.00 -999.00 3.54 78.61 11.16 99.66  0.0167 25.59  -999.00 352.72 -999.00 -999.0000 -999.00 -999.00 -999.00 -999.00 -999.00
2013 1  13 55   -999.00 -999.00 -999.00 -999.00 -999.00 3.45 79.30 11.11 99.65  0.0167 23.28  -999.00 353.79 -999.00 -999.0000 -999.00 -999.00 -999.00 -999.00 -999.00
2013 1  14 0    -999.00 -999.00 -999.00 -999.00 -999.00 3.35 79.99 11.07 99.65  0.0167 20.97  -999.00 354.86 -999.00 -999.0000 -999.00 -999.00 -999.00 -999.00 -999.00
2013 1  14 5    -999.00 -999.00 -999.00 -999.00 -999.00 3.26 80.68 11.02 99.64  0.4500 18.67  -999.00 355.92 -999.00 -999.0000 -999.00 -999.00 -999.00 -999.00 -999.00
2013 1  14 10   -999.00 -999.00 -999.00 -999.00 -999.00 3.16 81.37 10.98 99.64  0.4500 16.36  -999.00 356.99 -999.00 -999.0000 -999.00 -999.00 -999.00 -999.00 -999.00
2013 1  14 15   -999.00 -999.00 -999.00 -999.00 -999.00 3.07 82.06 10.93 99.63  0.4500 14.05  -999.00 358.06 -999.00 -999.0000 -999.00 -999.00 -999.00 -999.00 -999.00
2013 1  14 20   -999.00 -999.00 -999.00 -999.00 -999.00 2.97 82.75 10.88 99.62  0.4500 11.75  -999.00 359.12 -999.00 -999.0000 -999.00 -999.00 -999.00 -999.00 -999.00
2013 1  14 25   -999.00 -999.00 -999.00 -999.00 -999.00 2.87 83.44 10.84 99.62  0.4500 9.44   -999.00 360.19 -999.00 -999.0000 -999.00 -999.00 -999.00 -999.00 -999.00
2013 1  14 30   -999.00 -999.00 -999.00 -999.00 -999.00 2.78 84.13 10.79 99.61  0.4500 7.13   -999.00 361.26 -999.00 -999.0000 -999.00 -999.00 -999.00 -999.00 -999.00
2013 1  14 35   -999.00 -999.00 -999.00 -999.00 -999.00 2.73 84.64 10.75 99.61  0.4500 5.83   -999.00 361.59 -999.00 -999.0000 -999.00 -999.00 -999.00 -999.00 -999.00
2013 1  14 40   -999.00 -999.00 -999.00 -999.00 -999.00 2.72 84.99 10.71 99.60  0.4500 5.53   -999.00 361.18 -999.00 -999.0000 -999.00 -999.00 -999.00 -999.00 -999.00
2013 1  14 45   -999.00 -999.00 -999.00 -999.00 -999.00 2.71 85.33 10.68 99.59  0.4500 5.22   -999.00 360.78 -999.00 -999.0000 -999.00 -999.00 -999.00 -999.00 -999.00
2013 1  14 50   -999.00 -999.00 -999.00 -999.00 -999.00 2.70 85.68 10.64 99.58  0.4500 4.92   -999.00 360.37 -999.00 -999.0000 -999.00 -999.00 -999.00 -999.00 -999.00
2013 1  14 55   -999.00 -999.00 -999.00 -999.00 -999.00 2.69 86.03 10.60 99.58  0.4500 4.62   -999.00 359.96 -999.00 -999.0000 -999.00 -999.00 -999.00 -999.00 -999.00
2013 1  15 0    -999.00 -999.00 -999.00 -999.00 -999.00 2.68 86.37 10.56 99.57  0.4500 4.31   -999.00 359.56 -999.00 -999.0000 -999.00 -999.00 -999.00 -999.00 -999.00
2013 1  15 5    -999.00 -999.00 -999.00 -999.00 -999.00 2.67 86.72 10.53 99.56  0.3333 4.01   -999.00 359.15 -999.00 -999.0000 -999.00 -999.00 -999.00 -999.00 -999.00
2013 1  15 10   -999.00 -999.00 -999.00 -999.00 -999.00 2.66 87.06 10.49 99.55  0.3333 3.70   -999.00 358.75 -999.00 -999.0000 -999.00 -999.00 -999.00 -999.00 -999.00
2013 1  15 15   -999.00 -999.00 -999.00 -999.00 -999.00 2.65 87.41 10.45 99.55  0.3333 3.40   -999.00 358.34 -999.00 -999.0000 -999.00 -999.00 -999.00 -999.00 -999.00
2013 1  15 20   -999.00 -999.00 -999.00 -999.00 -999.00 2.64 87.76 10.41 99.54  0.3333 3.10   -999.00 357.93 -999.00 -999.0000 -999.00 -999.00 -999.00 -999.00 -999.00
2013 1  15 25   -999.00 -999.00 -999.00 -999.00 -999.00 2.63 88.10 10.38 99.53  0.3333 2.79   -999.00 357.53 -999.00 -999.0000 -999.00 -999.00 -999.00 -999.00 -999.00
2013 1  15 30   -999.00 -999.00 -999.00 -999.00 -999.00 2.62 88.45 10.34 99.52  0.3333 2.49   -999.00 357.12 -999.00 -999.0000 -999.00 -999.00 -999.00 -999.00 -999.00
2013 1  15 35   -999.00 -999.00 -999.00 -999.00 -999.00 2.63 88.60 10.30 99.52  0.3333 2.25   -999.00 356.73 -999.00 -999.0000 -999.00 -999.00 -999.00 -999.00 -999.00
2013 1  15 40   -999.00 -999.00 -999.00 -999.00 -999.00 2.66 88.57 10.27 99.51  0.3333 2.06   -999.00 356.34 -999.00 -999.0000 -999.00 -999.00 -999.00 -999.00 -999.00
2013 1  15 45   -999.00 -999.00 -999.00 -999.00 -999.00 2.68 88.54 10.23 99.51  0.3333 1.87   -999.00 355.94 -999.00 -999.0000 -999.00 -999.00 -999.00 -999.00 -999.00
2013 1  15 50   -999.00 -999.00 -999.00 -999.00 -999.00 2.71 88.50 10.19 99.50  0.3333 1.68   -999.00 355.56 -999.00 -999.0000 -999.00 -999.00 -999.00 -999.00 -999.00
2013 1  15 55   -999.00 -999.00 -999.00 -999.00 -999.00 2.73 88.47 10.16 99.50  0.3333 1.49   -999.00 355.17 -999.00 -999.0000 -999.00 -999.00 -999.00 -999.00 -999.00
2013 1  16 0    -999.00 -999.00 -999.00 -999.00 -999.00 2.76 88.44 10.12 99.49  0.3333 1.30   -999.00 354.77 -999.00 -999.0000 -999.00 -999.00 -999.00 -999.00 -999.00
2013 1  16 5    -999.00 -999.00 -999.00 -999.00 -999.00 2.78 88.40 10.09 99.49  0.1167 1.11   -999.00 354.38 -999.00 -999.0000 -999.00 -999.00 -999.00 -999.00 -999.00
2013 1  16 10   -999.00 -999.00 -999.00 -999.00 -999.00 2.81 88.37 10.05 99.48  0.1167 0.92   -999.00 354.00 -999.00 -999.0000 -999.00 -999.00 -999.00 -999.00 -999.00
2013 1  16 15   -999.00 -999.00 -999.00 -999.00 -999.00 2.83 88.34 10.02 99.48  0.1167 0.73   -999.00 353.61 -999.00 -999.0000 -999.00 -999.00 -999.00 -999.00 -999.00
2013 1  16 20   -999.00 -999.00 -999.00 -999.00 -999.00 2.86 88.30 9.98  99.47  0.1167 0.54   -999.00 353.22 -999.00 -999.0000 -999.00 -999.00 -999.00 -999.00 -999.00
2013 1  16 25   -999.00 -999.00 -999.00 -999.00 -999.00 2.88 88.27 9.94  99.47  0.1167 0.35   -999.00 352.82 -999.00 -999.0000 -999.00 -999.00 -999.00 -999.00 -999.00
2013 1  16 30   -999.00 -999.00 -999.00 -999.00 -999.00 2.91 88.24 9.91  99.46  0.1167 0.16   -999.00 352.44 -999.00 -999.0000 -999.00 -999.00 -999.00 -999.00 -999.00
2013 1  16 35   -999.00 -999.00 -999.00 -999.00 -999.00 2.94 88.24 9.89  99.46  0.1167 0.06   -999.00 352.10 -999.00 -999.0000 -999.00 -999.00 -999.00 -999.00 -999.00
2013 1  16 40   -999.00 -999.00 -999.00 -999.00 -999.00 2.97 88.29 9.88  99.46  0.1167 0.05   -999.00 351.83 -999.00 -999.0000 -999.00 -999.00 -999.00 -999.00 -999.00
2013 1  16 45   -999.00 -999.00 -999.00 -999.00 -999.00 3.01 88.33 9.88  99.46  0.1167 0.05   -999.00 351.55 -999.00 -999.0000 -999.00 -999.00 -999.00 -999.00 -999.00
2013 1  16 50   -999.00 -999.00 -999.00 -999.00 -999.00 3.04 88.37 9.88  99.45  0.1167 0.04   -999.00 351.28 -999.00 -999.0000 -999.00 -999.00 -999.00 -999.00 -999.00
2013 1  16 55   -999.00 -999.00 -999.00 -999.00 -999.00 3.07 88.42 9.87  99.45  0.1167 0.04   -999.00 351.00 -999.00 -999.0000 -999.00 -999.00 -999.00 -999.00 -999.00
2013 1  17 0    -999.00 -999.00 -999.00 -999.00 -999.00 3.11 88.46 9.87  99.45  0.1167 0.03   -999.00 350.73 -999.00 -999.0000 -999.00 -999.00 -999.00 -999.00 -999.00
2013 1  17 5    -999.00 -999.00 -999.00 -999.00 -999.00 3.14 88.51 9.86  99.45  0.0000 0.03   -999.00 350.45 -999.00 -999.0000 -999.00 -999.00 -999.00 -999.00 -999.00
2013 1  17 10   -999.00 -999.00 -999.00 -999.00 -999.00 3.18 88.55 9.86  99.45  0.0000 0.02   -999.00 350.18 -999.00 -999.0000 -999.00 -999.00 -999.00 -999.00 -999.00
2013 1  17 15   -999.00 -999.00 -999.00 -999.00 -999.00 3.21 88.60 9.85  99.45  0.0000 0.02   -999.00 349.90 -999.00 -999.0000 -999.00 -999.00 -999.00 -999.00 -999.00
2013 1  17 20   -999.00 -999.00 -999.00 -999.00 -999.00 3.24 88.64 9.85  99.44  0.0000 0.01   -999.00 349.63 -999.00 -999.0000 -999.00 -999.00 -999.00 -999.00 -999.00
2013 1  17 25   -999.00 -999.00 -999.00 -999.00 -999.00 3.28 88.68 9.85  99.44  0.0000 0.01   -999.00 349.35 -999.00 -999.0000 -999.00 -999.00 -999.00 -999.00 -999.00
2013 1  17 30   -999.00 -999.00 -999.00 -999.00 -999.00 3.31 88.73 9.84  99.44  0.0000 0.00   -999.00 349.08 -999.00 -999.0000 -999.00 -999.00 -999.00 -999.00 -999.00
2013 1  17 35   -999.00 -999.00 -999.00 -999.00 -999.00 3.34 88.70 9.84  99.44  0.0000 0.00   -999.00 348.92 -999.00 -999.0000 -999.00 -999.00 -999.00 -999.00 -999.00
2013 1  17 40   -999.00 -999.00 -999.00 -999.00 -999.00 3.36 88.60 9.83  99.44  0.0000 0.00   -999.00 348.89 -999.00 -999.0000 -999.00 -999.00 -999.00 -999.00 -999.00
2013 1  17 45   -999.00 -999.00 -999.00 -999.00 -999.00 3.37 88.50 9.83  99.44  0.0000 0.00   -999.00 348.85 -999.00 -999.0000 -999.00 -999.00 -999.00 -999.00 -999.00
2013 1  17 50   -999.00 -999.00 -999.00 -999.00 -999.00 3.39 88.40 9.82  99.45  0.0000 0.00   -999.00 348.82 -999.00 -999.0000 -999.00 -999.00 -999.00 -999.00 -999.00
2013 1  17 55   -999.00 -999.00 -999.00 -999.00 -999.00 3.41 88.30 9.82  99.45  0.0000 0.00   -999.00 348.78 -999.00 -999.0000 -999.00 -999.00 -999.00 -999.00 -999.00
2013 1  18 0    -999.00 -999.00 -999.00 -999.00 -999.00 3.43 88.20 9.81  99.45  0.0000 0.00   -999.00 348.75 -999.00 -999.0000 -999.00 -999.00 -999.00 -999.00 -999.00
2013 1  18 5    -999.00 -999.00 -999.00 -999.00 -999.00 3.44 88.09 9.81  99.45  0.0167 0.00   -999.00 348.71 -999.00 -999.0000 -999.00 -999.00 -999.00 -999.00 -999.00
2013 1  18 10   -999.00 -999.00 -999.00 -999.00 -999.00 3.46 87.99 9.80  99.45  0.0167 0.00   -999.00 348.68 -999.00 -999.0000 -999.00 -999.00 -999.00 -999.00 -999.00
2013 1  18 15   -999.00 -999.00 -999.00 -999.00 -999.00 3.48 87.89 9.80  99.45  0.0167 0.00   -999.00 348.64 -999.00 -999.0000 -999.00 -999.00 -999.00 -999.00 -999.00
2013 1  18 20   -999.00 -999.00 -999.00 -999.00 -999.00 3.50 87.79 9.79  99.46  0.0167 0.00   -999.00 348.61 -999.00 -999.0000 -999.00 -999.00 -999.00 -999.00 -999.00
2013 1  18 25   -999.00 -999.00 -999.00 -999.00 -999.00 3.51 87.69 9.79  99.46  0.0167 0.00   -999.00 348.57 -999.00 -999.0000 -999.00 -999.00 -999.00 -999.00 -999.00
2013 1  18 30   -999.00 -999.00 -999.00 -999.00 -999.00 3.53 87.59 9.78  99.46  0.0167 0.00   -999.00 348.54 -999.00 -999.0000 -999.00 -999.00 -999.00 -999.00 -999.00
2013 1  18 35   -999.00 -999.00 -999.00 -999.00 -999.00 3.55 87.50 9.77  99.46  0.0167 0.00   -999.00 348.36 -999.00 -999.0000 -999.00 -999.00 -999.00 -999.00 -999.00
2013 1  18 40   -999.00 -999.00 -999.00 -999.00 -999.00 3.56 87.41 9.75  99.46  0.0167 0.00   -999.00 348.04 -999.00 -999.0000 -999.00 -999.00 -999.00 -999.00 -999.00
2013 1  18 45   -999.00 -999.00 -999.00 -999.00 -999.00 3.58 87.32 9.73  99.47  0.0167 0.00   -999.00 347.71 -999.00 -999.0000 -999.00 -999.00 -999.00 -999.00 -999.00
2013 1  18 50   -999.00 -999.00 -999.00 -999.00 -999.00 3.59 87.23 9.71  99.47  0.0167 0.00   -999.00 347.39 -999.00 -999.0000 -999.00 -999.00 -999.00 -999.00 -999.00
2013 1  18 55   -999.00 -999.00 -999.00 -999.00 -999.00 3.60 87.14 9.69  99.47  0.0167 0.00   -999.00 347.07 -999.00 -999.0000 -999.00 -999.00 -999.00 -999.00 -999.00
2013 1  19 0    -999.00 -999.00 -999.00 -999.00 -999.00 3.62 87.05 9.67  99.47  0.0167 0.00   -999.00 346.75 -999.00 -999.0000 -999.00 -999.00 -999.00 -999.00 -999.00
2013 1  19 5    -999.00 -999.00 -999.00 -999.00 -999.00 3.63 86.97 9.66  99.48  0.0000 0.00   -999.00 346.42 -999.00 -999.0000 -999.00 -999.00 -999.00 -999.00 -999.00
2013 1  19 10   -999.00 -999.00 -999.00 -999.00 -999.00 3.65 86.88 9.64  99.48  0.0000 0.00   -999.00 346.10 -999.00 -999.0000 -999.00 -999.00 -999.00 -999.00 -999.00
2013 1  19 15   -999.00 -999.00 -999.00 -999.00 -999.00 3.66 86.79 9.62  99.48  0.0000 0.00   -999.00 345.78 -999.00 -999.0000 -999.00 -999.00 -999.00 -999.00 -999.00
2013 1  19 20   -999.00 -999.00 -999.00 -999.00 -999.00 3.67 86.70 9.60  99.48  0.0000 0.00   -999.00 345.46 -999.00 -999.0000 -999.00 -999.00 -999.00 -999.00 -999.00
2013 1  19 25   -999.00 -999.00 -999.00 -999.00 -999.00 3.69 86.61 9.58  99.49  0.0000 0.00   -999.00 345.13 -999.00 -999.0000 -999.00 -999.00 -999.00 -999.00 -999.00
2013 1  19 30   -999.00 -999.00 -999.00 -999.00 -999.00 3.70 86.52 9.56  99.49  0.0000 0.00   -999.00 344.81 -999.00 -999.0000 -999.00 -999.00 -999.00 -999.00 -999.00
2013 1  19 35   -999.00 -999.00 -999.00 -999.00 -999.00 3.72 86.40 9.54  99.49  0.0000 0.00   -999.00 344.11 -999.00 -999.0000 -999.00 -999.00 -999.00 -999.00 -999.00
2013 1  19 40   -999.00 -999.00 -999.00 -999.00 -999.00 3.73 86.25 9.52  99.50  0.0000 0.00   -999.00 343.03 -999.00 -999.0000 -999.00 -999.00 -999.00 -999.00 -999.00
2013 1  19 45   -999.00 -999.00 -999.00 -999.00 -999.00 3.75 86.10 9.49  99.51  0.0000 0.00   -999.00 341.94 -999.00 -999.0000 -999.00 -999.00 -999.00 -999.00 -999.00
2013 1  19 50   -999.00 -999.00 -999.00 -999.00 -999.00 3.76 85.94 9.47  99.51  0.0000 0.00   -999.00 340.86 -999.00 -999.0000 -999.00 -999.00 -999.00 -999.00 -999.00
2013 1  19 55   -999.00 -999.00 -999.00 -999.00 -999.00 3.77 85.79 9.45  99.52  0.0000 0.00   -999.00 339.78 -999.00 -999.0000 -999.00 -999.00 -999.00 -999.00 -999.00
2013 1  20 0    -999.00 -999.00 -999.00 -999.00 -999.00 3.79 85.64 9.43  99.53  0.0000 0.00   -999.00 338.70 -999.00 -999.0000 -999.00 -999.00 -999.00 -999.00 -999.00
2013 1  20 5    -999.00 -999.00 -999.00 -999.00 -999.00 3.80 85.48 9.40  99.53  0.0000 0.00   -999.00 337.61 -999.00 -999.0000 -999.00 -999.00 -999.00 -999.00 -999.00
2013 1  20 10   -999.00 -999.00 -999.00 -999.00 -999.00 3.82 85.33 9.38  99.54  0.0000 0.00   -999.00 336.53 -999.00 -999.0000 -999.00 -999.00 -999.00 -999.00 -999.00
2013 1  20 15   -999.00 -999.00 -999.00 -999.00 -999.00 3.83 85.18 9.36  99.55  0.0000 0.00   -999.00 335.45 -999.00 -999.0000 -999.00 -999.00 -999.00 -999.00 -999.00
2013 1  20 20   -999.00 -999.00 -999.00 -999.00 -999.00 3.84 85.02 9.34  99.55  0.0000 0.00   -999.00 334.37 -999.00 -999.0000 -999.00 -999.00 -999.00 -999.00 -999.00
2013 1  20 25   -999.00 -999.00 -999.00 -999.00 -999.00 3.86 84.87 9.31  99.56  0.0000 0.00   -999.00 333.28 -999.00 -999.0000 -999.00 -999.00 -999.00 -999.00 -999.00
2013 1  20 30   -999.00 -999.00 -999.00 -999.00 -999.00 3.87 84.72 9.29  99.57  0.0000 0.00   -999.00 332.20 -999.00 -999.0000 -999.00 -999.00 -999.00 -999.00 -999.00
2013 1  20 35   -999.00 -999.00 -999.00 -999.00 -999.00 3.90 84.49 9.26  99.57  0.0000 0.00   -999.00 330.69 -999.00 -999.0000 -999.00 -999.00 -999.00 -999.00 -999.00
2013 1  20 40   -999.00 -999.00 -999.00 -999.00 -999.00 3.94 84.19 9.22  99.58  0.0000 0.00   -999.00 328.74 -999.00 -999.0000 -999.00 -999.00 -999.00 -999.00 -999.00
2013 1  20 45   -999.00 -999.00 -999.00 -999.00 -999.00 3.98 83.89 9.19  99.58  0.0000 0.00   -999.00 326.79 -999.00 -999.0000 -999.00 -999.00 -999.00 -999.00 -999.00
2013 1  20 50   -999.00 -999.00 -999.00 -999.00 -999.00 4.01 83.59 9.15  99.59  0.0000 0.00   -999.00 324.85 -999.00 -999.0000 -999.00 -999.00 -999.00 -999.00 -999.00
2013 1  20 55   -999.00 -999.00 -999.00 -999.00 -999.00 4.05 83.29 9.11  99.59  0.0000 0.00   -999.00 322.90 -999.00 -999.0000 -999.00 -999.00 -999.00 -999.00 -999.00
2013 1  21 0    -999.00 -999.00 -999.00 -999.00 -999.00 4.09 82.99 9.08  99.60  0.0000 0.00   -999.00 320.95 -999.00 -999.0000 -999.00 -999.00 -999.00 -999.00 -999.00
2013 1  21 5    -999.00 -999.00 -999.00 -999.00 -999.00 4.13 82.70 9.04  99.60  0.0000 0.00   -999.00 319.01 -999.00 -999.0000 -999.00 -999.00 -999.00 -999.00 -999.00
2013 1  21 10   -999.00 -999.00 -999.00 -999.00 -999.00 4.17 82.40 9.00  99.61  0.0000 0.00   -999.00 317.06 -999.00 -999.0000 -999.00 -999.00 -999.00 -999.00 -999.00
2013 1  21 15   -999.00 -999.00 -999.00 -999.00 -999.00 4.21 82.10 8.97  99.61  0.0000 0.00   -999.00 315.11 -999.00 -999.0000 -999.00 -999.00 -999.00 -999.00 -999.00
2013 1  21 20   -999.00 -999.00 -999.00 -999.00 -999.00 4.24 81.80 8.93  99.62  0.0000 0.00   -999.00 313.17 -999.00 -999.0000 -999.00 -999.00 -999.00 -999.00 -999.00
2013 1  21 25   -999.00 -999.00 -999.00 -999.00 -999.00 4.28 81.50 8.89  99.62  0.0000 0.00   -999.00 311.22 -999.00 -999.0000 -999.00 -999.00 -999.00 -999.00 -999.00
2013 1  21 30   -999.00 -999.00 -999.00 -999.00 -999.00 4.32 81.20 8.86  99.63  0.0000 0.00   -999.00 309.27 -999.00 -999.0000 -999.00 -999.00 -999.00 -999.00 -999.00
2013 1  21 35   -999.00 -999.00 -999.00 -999.00 -999.00 4.37 80.97 8.82  99.63  0.0000 0.00   -999.00 306.91 -999.00 -999.0000 -999.00 -999.00 -999.00 -999.00 -999.00
2013 1  21 40   -999.00 -999.00 -999.00 -999.00 -999.00 4.43 80.81 8.78  99.63  0.0000 0.00   -999.00 304.14 -999.00 -999.0000 -999.00 -999.00 -999.00 -999.00 -999.00
2013 1  21 45   -999.00 -999.00 -999.00 -999.00 -999.00 4.50 80.64 8.73  99.64  0.0000 0.00   -999.00 301.37 -999.00 -999.0000 -999.00 -999.00 -999.00 -999.00 -999.00
2013 1  21 50   -999.00 -999.00 -999.00 -999.00 -999.00 4.56 80.48 8.69  99.64  0.0000 0.00   -999.00 298.59 -999.00 -999.0000 -999.00 -999.00 -999.00 -999.00 -999.00
2013 1  21 55   -999.00 -999.00 -999.00 -999.00 -999.00 4.62 80.32 8.64  99.64  0.0000 0.00   -999.00 295.82 -999.00 -999.0000 -999.00 -999.00 -999.00 -999.00 -999.00
2013 1  22 0    -999.00 -999.00 -999.00 -999.00 -999.00 4.68 80.16 8.60  99.64  0.0000 0.00   -999.00 293.05 -999.00 -999.0000 -999.00 -999.00 -999.00 -999.00 -999.00
2013 1  22 5    -999.00 -999.00 -999.00 -999.00 -999.00 4.75 79.99 8.56  99.65  0.0000 0.00   -999.00 290.27 -999.00 -999.0000 -999.00 -999.00 -999.00 -999.00 -999.00
2013 1  22 10   -999.00 -999.00 -999.00 -999.00 -999.00 4.81 79.83 8.52  99.65  0.0000 0.00   -999.00 287.50 -999.00 -999.0000 -999.00 -999.00 -999.00 -999.00 -999.00
2013 1  22 15   -999.00 -999.00 -999.00 -999.00 -999.00 4.87 79.67 8.47  99.65  0.0000 0.00   -999.00 284.73 -999.00 -999.0000 -999.00 -999.00 -999.00 -999.00 -999.00
2013 1  22 20   -999.00 -999.00 -999.00 -999.00 -999.00 4.93 79.51 8.43  99.65  0.0000 0.00   -999.00 281.95 -999.00 -999.0000 -999.00 -999.00 -999.00 -999.00 -999.00
2013 1  22 25   -999.00 -999.00 -999.00 -999.00 -999.00 5.00 79.34 8.38  99.66  0.0000 0.00   -999.00 279.18 -999.00 -999.0000 -999.00 -999.00 -999.00 -999.00 -999.00
2013 1  22 30   -999.00 -999.00 -999.00 -999.00 -999.00 5.06 79.18 8.34  99.66  0.0000 0.00   -999.00 276.41 -999.00 -999.0000 -999.00 -999.00 -999.00 -999.00 -999.00
2013 1  22 35   -999.00 -999.00 -999.00 -999.00 -999.00 5.03 79.15 8.29  99.66  0.0000 0.00   -999.00 274.71 -999.00 -999.0000 -999.00 -999.00 -999.00 -999.00 -999.00
2013 1  22 40   -999.00 -999.00 -999.00 -999.00 -999.00 4.91 79.26 8.24  99.66  0.0000 0.00   -999.00 274.10 -999.00 -999.0000 -999.00 -999.00 -999.00 -999.00 -999.00
2013 1  22 45   -999.00 -999.00 -999.00 -999.00 -999.00 4.79 79.37 8.18  99.66  0.0000 0.00   -999.00 273.49 -999.00 -999.0000 -999.00 -999.00 -999.00 -999.00 -999.00
2013 1  22 50   -999.00 -999.00 -999.00 -999.00 -999.00 4.67 79.48 8.13  99.67  0.0000 0.00   -999.00 272.87 -999.00 -999.0000 -999.00 -999.00 -999.00 -999.00 -999.00
2013 1  22 55   -999.00 -999.00 -999.00 -999.00 -999.00 4.55 79.59 8.08  99.67  0.0000 0.00   -999.00 272.26 -999.00 -999.0000 -999.00 -999.00 -999.00 -999.00 -999.00
2013 1  23 0    -999.00 -999.00 -999.00 -999.00 -999.00 4.43 79.70 8.02  99.67  0.0000 0.00   -999.00 271.65 -999.00 -999.0000 -999.00 -999.00 -999.00 -999.00 -999.00
2013 1  23 5    -999.00 -999.00 -999.00 -999.00 -999.00 4.32 79.80 7.97  99.67  0.0000 0.00   -999.00 271.03 -999.00 -999.0000 -999.00 -999.00 -999.00 -999.00 -999.00
2013 1  23 10   -999.00 -999.00 -999.00 -999.00 -999.00 4.20 79.91 7.91  99.67  0.0000 0.00   -999.00 270.42 -999.00 -999.0000 -999.00 -999.00 -999.00 -999.00 -999.00
2013 1  23 15   -999.00 -999.00 -999.00 -999.00 -999.00 4.08 80.02 7.86  99.67  0.0000 0.00   -999.00 269.81 -999.00 -999.0000 -999.00 -999.00 -999.00 -999.00 -999.00
2013 1  23 20   -999.00 -999.00 -999.00 -999.00 -999.00 3.96 80.13 7.81  99.68  0.0000 0.00   -999.00 269.19 -999.00 -999.0000 -999.00 -999.00 -999.00 -999.00 -999.00
2013 1  23 25   -999.00 -999.00 -999.00 -999.00 -999.00 3.84 80.24 7.75  99.68  0.0000 0.00   -999.00 268.58 -999.00 -999.0000 -999.00 -999.00 -999.00 -999.00 -999.00
2013 1  23 30   -999.00 -999.00 -999.00 -999.00 -999.00 3.72 80.35 7.70  99.68  0.0000 0.00   -999.00 267.97 -999.00 -999.0000 -999.00 -999.00 -999.00 -999.00 -999.00
2013 1  23 35   -999.00 -999.00 -999.00 -999.00 -999.00 3.66 80.41 7.65  99.68  0.0000 0.00   -999.00 267.54 -999.00 -999.0000 -999.00 -999.00 -999.00 -999.00 -999.00
2013 1  23 40   -999.00 -999.00 -999.00 -999.00 -999.00 3.67 80.43 7.60  99.69  0.0000 0.00   -999.00 267.30 -999.00 -999.0000 -999.00 -999.00 -999.00 -999.00 -999.00
2013 1  23 45   -999.00 -999.00 -999.00 -999.00 -999.00 3.68 80.45 7.56  99.69  0.0000 0.00   -999.00 267.06 -999.00 -999.0000 -999.00 -999.00 -999.00 -999.00 -999.00
2013 1  23 50   -999.00 -999.00 -999.00 -999.00 -999.00 3.69 80.47 7.51  99.69  0.0000 0.00   -999.00 266.81 -999.00 -999.0000 -999.00 -999.00 -999.00 -999.00 -999.00
2013 1  23 55   -999.00 -999.00 -999.00 -999.00 -999.00 3.70 80.49 7.46  99.70  0.0000 0.00   -999.00 266.57 -999.00 -999.0000 -999.00 -999.00 -999.00 -999.00 -999.00
2013 2  0  0    -999.00 -999.00 -999.00 -999.00 -999.00 3.71 80.51 7.42  99.70  0.0000 0.00   -999.00 266.33 -999.00 -999.0000 -999.00 -999.00 -999.00 -999.00 -999.00
2013 2  0  5    -999.00 -999.00 -999.00 -999.00 -999.00 3.72 80.54 7.37  99.70  0.0000 0.00   -999.00 266.09 -999.00 -999.0000 -999.00 -999.00 -999.00 -999.00 -999.00
2013 2  0  10   -999.00 -999.00 -999.00 -999.00 -999.00 3.73 80.56 7.33  99.70  0.0000 0.00   -999.00 265.85 -999.00 -999.0000 -999.00 -999.00 -999.00 -999.00 -999.00
2013 2  0  15   -999.00 -999.00 -999.00 -999.00 -999.00 3.74 80.58 7.28  99.71  0.0000 0.00   -999.00 265.61 -999.00 -999.0000 -999.00 -999.00 -999.00 -999.00 -999.00
2013 2  0  20   -999.00 -999.00 -999.00 -999.00 -999.00 3.75 80.60 7.23  99.71  0.0000 0.00   -999.00 265.36 -999.00 -999.0000 -999.00 -999.00 -999.00 -999.00 -999.00
2013 2  0  25   -999.00 -999.00 -999.00 -999.00 -999.00 3.76 80.62 7.19  99.72  0.0000 0.00   -999.00 265.12 -999.00 -999.0000 -999.00 -999.00 -999.00 -999.00 -999.00
2013 2  0  30   -999.00 -999.00 -999.00 -999.00 -999.00 3.77 80.64 7.14  99.72  0.0000 0.00   -999.00 264.88 -999.00 -999.0000 -999.00 -999.00 -999.00 -999.00 -999.00
2013 2  0  35   -999.00 -999.00 -999.00 -999.00 -999.00 3.77 80.63 7.11  99.72  0.0000 0.00   -999.00 264.56 -999.00 -999.0000 -999.00 -999.00 -999.00 -999.00 -999.00
2013 2  0  40   -999.00 -999.00 -999.00 -999.00 -999.00 3.77 80.60 7.08  99.72  0.0000 0.00   -999.00 264.17 -999.00 -999.0000 -999.00 -999.00 -999.00 -999.00 -999.00
2013 2  0  45   -999.00 -999.00 -999.00 -999.00 -999.00 3.78 80.57 7.05  99.72  0.0000 0.00   -999.00 263.77 -999.00 -999.0000 -999.00 -999.00 -999.00 -999.00 -999.00
2013 2  0  50   -999.00 -999.00 -999.00 -999.00 -999.00 3.78 80.53 7.02  99.72  0.0000 0.00   -999.00 263.38 -999.00 -999.0000 -999.00 -999.00 -999.00 -999.00 -999.00
2013 2  0  55   -999.00 -999.00 -999.00 -999.00 -999.00 3.78 80.50 7.00  99.72  0.0000 0.00   -999.00 262.99 -999.00 -999.0000 -999.00 -999.00 -999.00 -999.00 -999.00
2013 2  1  0    -999.00 -999.00 -999.00 -999.00 -999.00 3.78 80.47 6.97  99.72  0.0000 0.00   -999.00 262.59 -999.00 -999.0000 -999.00 -999.00 -999.00 -999.00 -999.00
2013 2  1  5    -999.00 -999.00 -999.00 -999.00 -999.00 3.79 80.43 6.94  99.73  0.0000 0.00   -999.00 262.20 -999.00 -999.0000 -999.00 -999.00 -999.00 -999.00 -999.00
2013 2  1  10   -999.00 -999.00 -999.00 -999.00 -999.00 3.79 80.40 6.91  99.73  0.0000 0.00   -999.00 261.80 -999.00 -999.0000 -999.00 -999.00 -999.00 -999.00 -999.00
2013 2  1  15   -999.00 -999.00 -999.00 -999.00 -999.00 3.79 80.37 6.89  99.73  0.0000 0.00   -999.00 261.41 -999.00 -999.0000 -999.00 -999.00 -999.00 -999.00 -999.00
2013 2  1  20   -999.00 -999.00 -999.00 -999.00 -999.00 3.79 80.33 6.86  99.73  0.0000 0.00   -999.00 261.02 -999.00 -999.0000 -999.00 -999.00 -999.00 -999.00 -999.00
2013 2  1  25   -999.00 -999.00 -999.00 -999.00 -999.00 3.80 80.30 6.83  99.73  0.0000 0.00   -999.00 260.62 -999.00 -999.0000 -999.00 -999.00 -999.00 -999.00 -999.00
2013 2  1  30   -999.00 -999.00 -999.00 -999.00 -999.00 3.80 80.27 6.80  99.73  0.0000 0.00   -999.00 260.23 -999.00 -999.0000 -999.00 -999.00 -999.00 -999.00 -999.00
2013 2  1  35   -999.00 -999.00 -999.00 -999.00 -999.00 3.81 80.26 6.77  99.73  0.0000 0.00   -999.00 259.64 -999.00 -999.0000 -999.00 -999.00 -999.00 -999.00 -999.00
2013 2  1  40   -999.00 -999.00 -999.00 -999.00 -999.00 3.83 80.27 6.74  99.73  0.0000 0.00   -999.00 258.85 -999.00 -999.0000 -999.00 -999.00 -999.00 -999.00 -999.00
2013 2  1  45   -999.00 -999.00 -999.00 -999.00 -999.00 3.85 80.28 6.70  99.74  0.0000 0.00   -999.00 258.06 -999.00 -999.0000 -999.00 -999.00 -999.00 -999.00 -999.00
2013 2  1  50   -999.00 -999.00 -999.00 -999.00 -999.00 3.87 80.30 6.67  99.74  0.0000 0.00   -999.00 257.27 -999.00 -999.0000 -999.00 -999.00 -999.00 -999.00 -999.00
2013 2  1  55   -999.00 -999.00 -999.00 -999.00 -999.00 3.89 80.31 6.64  99.75  0.0000 0.00   -999.00 256.48 -999.00 -999.0000 -999.00 -999.00 -999.00 -999.00 -999.00
2013 2  2  0    -999.00 -999.00 -999.00 -999.00 -999.00 3.91 80.32 6.60  99.75  0.0000 0.00   -999.00 255.69 -999.00 -999.0000 -999.00 -999.00 -999.00 -999.00 -999.00
2013 2  2  5    -999.00 -999.00 -999.00 -999.00 -999.00 3.94 80.34 6.57  99.75  0.0000 0.00   -999.00 254.91 -999.00 -999.0000 -999.00 -999.00 -999.00 -999.00 -999.00
2013 2  2  10   -999.00 -999.00 -999.00 -999.00 -999.00 3.96 80.35 6.53  99.75  0.0000 0.00   -999.00 254.12 -999.00 -999.0000 -999.00 -999.00 -999.00 -999.00 -999.00
2013 2  2  15   -999.00 -999.00 -999.00 -999.00 -999.00 3.98 80.36 6.50  99.76  0.0000 0.00   -999.00 253.33 -999.00 -999.0000 -999.00 -999.00 -999.00 -999.00 -999.00
2013 2  2  20   -999.00 -999.00 -999.00 -999.00 -999.00 4.00 80.38 6.47  99.76  0.0000 0.00   -999.00 252.54 -999.00 -999.0000 -999.00 -999.00 -999.00 -999.00 -999.00
2013 2  2  25   -999.00 -999.00 -999.00 -999.00 -999.00 4.02 80.39 6.43  99.77  0.0000 0.00   -999.00 251.75 -999.00 -999.0000 -999.00 -999.00 -999.00 -999.00 -999.00
2013 2  2  30   -999.00 -999.00 -999.00 -999.00 -999.00 4.04 80.40 6.40  99.77  0.0000 0.00   -999.00 250.96 -999.00 -999.0000 -999.00 -999.00 -999.00 -999.00 -999.00
2013 2  2  35   -999.00 -999.00 -999.00 -999.00 -999.00 4.01 80.45 6.36  99.77  0.0000 0.00   -999.00 250.39 -999.00 -999.0000 -999.00 -999.00 -999.00 -999.00 -999.00
2013 2  2  40   -999.00 -999.00 -999.00 -999.00 -999.00 3.92 80.53 6.32  99.77  0.0000 0.00   -999.00 250.02 -999.00 -999.0000 -999.00 -999.00 -999.00 -999.00 -999.00
2013 2  2  45   -999.00 -999.00 -999.00 -999.00 -999.00 3.84 80.61 6.28  99.77  0.0000 0.00   -999.00 249.65 -999.00 -999.0000 -999.00 -999.00 -999.00 -999.00 -999.00
2013 2  2  50   -999.00 -999.00 -999.00 -999.00 -999.00 3.76 80.69 6.24  99.77  0.0000 0.00   -999.00 249.28 -999.00 -999.0000 -999.00 -999.00 -999.00 -999.00 -999.00
2013 2  2  55   -999.00 -999.00 -999.00 -999.00 -999.00 3.67 80.77 6.20  99.77  0.0000 0.00   -999.00 248.92 -999.00 -999.0000 -999.00 -999.00 -999.00 -999.00 -999.00
2013 2  3  0    -999.00 -999.00 -999.00 -999.00 -999.00 3.59 80.85 6.16  99.77  0.0000 0.00   -999.00 248.55 -999.00 -999.0000 -999.00 -999.00 -999.00 -999.00 -999.00
2013 2  3  5    -999.00 -999.00 -999.00 -999.00 -999.00 3.50 80.92 6.13  99.76  0.0000 0.00   -999.00 248.18 -999.00 -999.0000 -999.00 -999.00 -999.00 -999.00 -999.00
2013 2  3  10   -999.00 -999.00 -999.00 -999.00 -999.00 3.42 81.00 6.09  99.76  0.0000 0.00   -999.00 247.81 -999.00 -999.0000 -999.00 -999.00 -999.00 -999.00 -999.00
2013 2  3  15   -999.00 -999.00 -999.00 -999.00 -999.00 3.33 81.08 6.05  99.76  0.0000 0.00   -999.00 247.45 -999.00 -999.0000 -999.00 -999.00 -999.00 -999.00 -999.00
2013 2  3  20   -999.00 -999.00 -999.00 -999.00 -999.00 3.25 81.16 6.01  99.76  0.0000 0.00   -999.00 247.08 -999.00 -999.0000 -999.00 -999.00 -999.00 -999.00 -999.00
2013 2  3  25   -999.00 -999.00 -999.00 -999.00 -999.00 3.17 81.24 5.97  99.76  0.0000 0.00   -999.00 246.71 -999.00 -999.0000 -999.00 -999.00 -999.00 -999.00 -999.00
2013 2  3  30   -999.00 -999.00 -999.00 -999.00 -999.00 3.08 81.32 5.93  99.76  0.0000 0.00   -999.00 246.34 -999.00 -999.0000 -999.00 -999.00 -999.00 -999.00 -999.00
2013 2  3  35   -999.00 -999.00 -999.00 -999.00 -999.00 3.04 81.35 5.90  99.76  0.0000 0.00   -999.00 246.14 -999.00 -999.0000 -999.00 -999.00 -999.00 -999.00 -999.00
2013 2  3  40   -999.00 -999.00 -999.00 -999.00 -999.00 3.04 81.32 5.87  99.76  0.0000 0.00   -999.00 246.11 -999.00 -999.0000 -999.00 -999.00 -999.00 -999.00 -999.00
2013 2  3  45   -999.00 -999.00 -999.00 -999.00 -999.00 3.03 81.30 5.84  99.77  0.0000 0.00   -999.00 246.07 -999.00 -999.0000 -999.00 -999.00 -999.00 -999.00 -999.00
2013 2  3  50   -999.00 -999.00 -999.00 -999.00 -999.00 3.03 81.27 5.81  99.77  0.0000 0.00   -999.00 246.04 -999.00 -999.0000 -999.00 -999.00 -999.00 -999.00 -999.00
2013 2  3  55   -999.00 -999.00 -999.00 -999.00 -999.00 3.03 81.24 5.79  99.77  0.0000 0.00   -999.00 246.00 -999.00 -999.0000 -999.00 -999.00 -999.00 -999.00 -999.00
2013 2  4  0    -999.00 -999.00 -999.00 -999.00 -999.00 3.03 81.22 5.76  99.77  0.0000 0.00   -999.00 245.97 -999.00 -999.0000 -999.00 -999.00 -999.00 -999.00 -999.00
2013 2  4  5    -999.00 -999.00 -999.00 -999.00 -999.00 3.02 81.19 5.73  99.78  0.0000 0.00   -999.00 245.93 -999.00 -999.0000 -999.00 -999.00 -999.00 -999.00 -999.00
2013 2  4  10   -999.00 -999.00 -999.00 -999.00 -999.00 3.02 81.17 5.70  99.78  0.0000 0.00   -999.00 245.90 -999.00 -999.0000 -999.00 -999.00 -999.00 -999.00 -999.00
2013 2  4  15   -999.00 -999.00 -999.00 -999.00 -999.00 3.02 81.14 5.68  99.78  0.0000 0.00   -999.00 245.86 -999.00 -999.0000 -999.00 -999.00 -999.00 -999.00 -999.00
2013 2  4  20   -999.00 -999.00 -999.00 -999.00 -999.00 3.02 81.11 5.65  99.78  0.0000 0.00   -999.00 245.83 -999.00 -999.0000 -999.00 -999.00 -999.00 -999.00 -999.00
2013 2  4  25   -999.00 -999.00 -999.00 -999.00 -999.00 3.01 81.09 5.62  99.79  0.0000 0.00   -999.00 245.79 -999.00 -999.0000 -999.00 -999.00 -999.00 -999.00 -999.00
2013 2  4  30   -999.00 -999.00 -999.00 -999.00 -999.00 3.01 81.06 5.59  99.79  0.0000 0.00   -999.00 245.76 -999.00 -999.0000 -999.00 -999.00 -999.00 -999.00 -999.00
2013 2  4  35   -999.00 -999.00 -999.00 -999.00 -999.00 3.00 81.03 5.57  99.79  0.0000 0.00   -999.00 245.87 -999.00 -999.0000 -999.00 -999.00 -999.00 -999.00 -999.00
2013 2  4  40   -999.00 -999.00 -999.00 -999.00 -999.00 2.98 81.00 5.54  99.79  0.0000 0.00   -999.00 246.12 -999.00 -999.0000 -999.00 -999.00 -999.00 -999.00 -999.00
2013 2  4  45   -999.00 -999.00 -999.00 -999.00 -999.00 2.96 80.96 5.52  99.80  0.0000 0.00   -999.00 246.38 -999.00 -999.0000 -999.00 -999.00 -999.00 -999.00 -999.00
2013 2  4  50   -999.00 -999.00 -999.00 -999.00 -999.00 2.94 80.93 5.49  99.80  0.0000 0.00   -999.00 246.63 -999.00 -999.0000 -999.00 -999.00 -999.00 -999.00 -999.00
2013 2  4  55   -999.00 -999.00 -999.00 -999.00 -999.00 2.92 80.89 5.46  99.80  0.0000 0.00   -999.00 246.88 -999.00 -999.0000 -999.00 -999.00 -999.00 -999.00 -999.00
2013 2  5  0    -999.00 -999.00 -999.00 -999.00 -999.00 2.90 80.86 5.44  99.80  0.0000 0.00   -999.00 247.14 -999.00 -999.0000 -999.00 -999.00 -999.00 -999.00 -999.00
2013 2  5  5    -999.00 -999.00 -999.00 -999.00 -999.00 2.89 80.82 5.41  99.81  0.0000 0.00   -999.00 247.39 -999.00 -999.0000 -999.00 -999.00 -999.00 -999.00 -999.00
2013 2  5  10   -999.00 -999.00 -999.00 -999.00 -999.00 2.87 80.79 5.39  99.81  0.0000 0.00   -999.00 247.65 -999.00 -999.0000 -999.00 -999.00 -999.00 -999.00 -999.00
2013 2  5  15   -999.00 -999.00 -999.00 -999.00 -999.00 2.85 80.75 5.36  99.81  0.0000 0.00   -999.00 247.90 -999.00 -999.0000 -999.00 -999.00 -999.00 -999.00 -999.00
2013 2  5  20   -999.00 -999.00 -999.00 -999.00 -999.00 2.83 80.72 5.33  99.81  0.0000 0.00   -999.00 248.15 -999.00 -999.0000 -999.00 -999.00 -999.00 -999.00 -999.00
2013 2  5  25   -999.00 -999.00 -999.00 -999.00 -999.00 2.81 80.68 5.31  99.82  0.0000 0.00   -999.00 248.41 -999.00 -999.0000 -999.00 -999.00 -999.00 -999.00 -999.00
2013 2  5  30   -999.00 -999.00 -999.00 -999.00 -999.00 2.79 80.65 5.28  99.82  0.0000 0.00   -999.00 248.66 -999.00 -999.0000 -999.00 -999.00 -999.00 -999.00 -999.00
2013 2  5  35   -999.00 -999.00 -999.00 -999.00 -999.00 2.81 80.55 5.26  99.82  0.0000 0.00   -999.00 248.59 -999.00 -999.0000 -999.00 -999.00 -999.00 -999.00 -999.00
2013 2  5  40   -999.00 -999.00 -999.00 -999.00 -999.00 2.87 80.39 5.25  99.82  0.0000 0.00   -999.00 248.18 -999.00 -999.0000 -999.00 -999.00 -999.00 -999.00 -999.00
2013 2  5  45   -999.00 -999.00 -999.00 -999.00 -999.00 2.93 80.23 5.24  99.82  0.0000 0.00   -999.00 247.77 -999.00 -999.0000 -999.00 -999.00 -999.00 -999.00 -999.00
2013 2  5  50   -999.00 -999.00 -999.00 -999.00 -999.00 3.00 80.07 5.23  99.83  0.0000 0.00   -999.00 247.37 -999.00 -999.0000 -999.00 -999.00 -999.00 -999.00 -999.00
2013 2  5  55   -999.00 -999.00 -999.00 -999.00 -999.00 3.06 79.91 5.21  99.83  0.0000 0.00   -999.00 246.96 -999.00 -999.0000 -999.00 -999.00 -999.00 -999.00 -999.00
2013 2  6  0    -999.00 -999.00 -999.00 -999.00 -999.00 3.12 79.75 5.20  99.83  0.0000 0.00   -999.00 246.55 -999.00 -999.0000 -999.00 -999.00 -999.00 -999.00 -999.00
2013 2  6  5    -999.00 -999.00 -999.00 -999.00 -999.00 3.18 79.58 5.19  99.83  0.0000 0.00   -999.00 246.15 -999.00 -999.0000 -999.00 -999.00 -999.00 -999.00 -999.00
2013 2  6  10   -999.00 -999.00 -999.00 -999.00 -999.00 3.24 79.42 5.18  99.83  0.0000 0.00   -999.00 245.74 -999.00 -999.0000 -999.00 -999.00 -999.00 -999.00 -999.00
2013 2  6  15   -999.00 -999.00 -999.00 -999.00 -999.00 3.30 79.26 5.16  99.83  0.0000 0.00   -999.00 245.33 -999.00 -999.0000 -999.00 -999.00 -999.00 -999.00 -999.00
2013 2  6  20   -999.00 -999.00 -999.00 -999.00 -999.00 3.37 79.10 5.15  99.84  0.0000 0.00   -999.00 244.93 -999.00 -999.0000 -999.00 -999.00 -999.00 -999.00 -999.00
2013 2  6  25   -999.00 -999.00 -999.00 -999.00 -999.00 3.43 78.94 5.14  99.84  0.0000 0.00   -999.00 244.52 -999.00 -999.0000 -999.00 -999.00 -999.00 -999.00 -999.00
2013 2  6  30   -999.00 -999.00 -999.00 -999.00 -999.00 3.49 78.78 5.13  99.84  0.0000 0.00   -999.00 244.11 -999.00 -999.0000 -999.00 -999.00 -999.00 -999.00 -999.00
2013 2  6  35   -999.00 -999.00 -999.00 -999.00 -999.00 3.52 78.69 5.11  99.84  0.0000 0.00   -999.00 243.84 -999.00 -999.0000 -999.00 -999.00 -999.00 -999.00 -999.00
2013 2  6  40   -999.00 -999.00 -999.00 -999.00 -999.00 3.52 78.67 5.09  99.85  0.0000 0.00   -999.00 243.71 -999.00 -999.0000 -999.00 -999.00 -999.00 -999.00 -999.00
2013 2  6  45   -999.00 -999.00 -999.00 -999.00 -999.00 3.53 78.65 5.06  99.85  0.0000 0.00   -999.00 243.57 -999.00 -999.0000 -999.00 -999.00 -999.00 -999.00 -999.00
2013 2  6  50   -999.00 -999.00 -999.00 -999.00 -999.00 3.53 78.62 5.04  99.85  0.0000 0.00   -999.00 243.44 -999.00 -999.0000 -999.00 -999.00 -999.00 -999.00 -999.00
2013 2  6  55   -999.00 -999.00 -999.00 -999.00 -999.00 3.53 78.60 5.02  99.86  0.0000 0.00   -999.00 243.30 -999.00 -999.0000 -999.00 -999.00 -999.00 -999.00 -999.00
2013 2  7  0    -999.00 -999.00 -999.00 -999.00 -999.00 3.53 78.58 5.00  99.86  0.0000 0.00   -999.00 243.17 -999.00 -999.0000 -999.00 -999.00 -999.00 -999.00 -999.00
2013 2  7  5    -999.00 -999.00 -999.00 -999.00 -999.00 3.54 78.56 4.97  99.87  0.0000 0.00   -999.00 243.03 -999.00 -999.0000 -999.00 -999.00 -999.00 -999.00 -999.00
2013 2  7  10   -999.00 -999.00 -999.00 -999.00 -999.00 3.54 78.54 4.95  99.87  0.0000 0.00   -999.00 242.90 -999.00 -999.0000 -999.00 -999.00 -999.00 -999.00 -999.00
2013 2  7  15   -999.00 -999.00 -999.00 -999.00 -999.00 3.54 78.52 4.93  99.88  0.0000 0.00   -999.00 242.76 -999.00 -999.0000 -999.00 -999.00 -999.00 -999.00 -999.00
2013 2  7  20   -999.00 -999.00 -999.00 -999.00 -999.00 3.54 78.49 4.91  99.88  0.0000 0.00   -999.00 242.63 -999.00 -999.0000 -999.00 -999.00 -999.00 -999.00 -999.00
2013 2  7  25   -999.00 -999.00 -999.00 -999.00 -999.00 3.55 78.47 4.88  99.88  0.0000 0.00   -999.00 242.49 -999.00 -999.0000 -999.00 -999.00 -999.00 -999.00 -999.00
2013 2  7  30   -999.00 -999.00 -999.00 -999.00 -999.00 3.55 78.45 4.86  99.89  0.0000 0.00   -999.00 242.36 -999.00 -999.0000 -999.00 -999.00 -999.00 -999.00 -999.00
2013 2  7  35   -999.00 -999.00 -999.00 -999.00 -999.00 3.56 78.45 4.83  99.89  0.0000 0.95   -999.00 242.09 -999.00 -999.0000 -999.00 -999.00 -999.00 -999.00 -999.00
2013 2  7  40   -999.00 -999.00 -999.00 -999.00 -999.00 3.57 78.46 4.80  99.90  0.0000 2.85   -999.00 241.69 -999.00 -999.0000 -999.00 -999.00 -999.00 -999.00 -999.00
2013 2  7  45   -999.00 -999.00 -999.00 -999.00 -999.00 3.59 78.47 4.77  99.91  0.0000 4.75   -999.00 241.30 -999.00 -999.0000 -999.00 -999.00 -999.00 -999.00 -999.00
2013 2  7  50   -999.00 -999.00 -999.00 -999.00 -999.00 3.60 78.48 4.74  99.92  0.0000 6.66   -999.00 240.90 -999.00 -999.0000 -999.00 -999.00 -999.00 -999.00 -999.00
2013 2  7  55   -999.00 -999.00 -999.00 -999.00 -999.00 3.61 78.50 4.70  99.93  0.0000 8.56   -999.00 240.50 -999.00 -999.0000 -999.00 -999.00 -999.00 -999.00 -999.00
2013 2  8  0    -999.00 -999.00 -999.00 -999.00 -999.00 3.63 78.51 4.67  99.94  0.0000 10.46  -999.00 240.11 -999.00 -999.0000 -999.00 -999.00 -999.00 -999.00 -999.00
2013 2  8  5    -999.00 -999.00 -999.00 -999.00 -999.00 3.64 78.52 4.64  99.94  0.0000 12.36  -999.00 239.71 -999.00 -999.0000 -999.00 -999.00 -999.00 -999.00 -999.00
2013 2  8  10   -999.00 -999.00 -999.00 -999.00 -999.00 3.66 78.53 4.61  99.95  0.0000 14.26  -999.00 239.31 -999.00 -999.0000 -999.00 -999.00 -999.00 -999.00 -999.00
2013 2  8  15   -999.00 -999.00 -999.00 -999.00 -999.00 3.67 78.55 4.57  99.96  0.0000 16.16  -999.00 238.92 -999.00 -999.0000 -999.00 -999.00 -999.00 -999.00 -999.00
2013 2  8  20   -999.00 -999.00 -999.00 -999.00 -999.00 3.68 78.56 4.54  99.97  0.0000 18.07  -999.00 238.52 -999.00 -999.0000 -999.00 -999.00 -999.00 -999.00 -999.00
2013 2  8  25   -999.00 -999.00 -999.00 -999.00 -999.00 3.70 78.57 4.51  99.98  0.0000 19.97  -999.00 238.12 -999.00 -999.0000 -999.00 -999.00 -999.00 -999.00 -999.00
2013 2  8  30   -999.00 -999.00 -999.00 -999.00 -999.00 3.71 78.58 4.48  99.99  0.0000 21.87  -999.00 237.73 -999.00 -999.0000 -999.00 -999.00 -999.00 -999.00 -999.00
2013 2  8  35   -999.00 -999.00 -999.00 -999.00 -999.00 3.75 78.51 4.45  99.99  0.0000 25.92  -999.00 237.40 -999.00 -999.0000 -999.00 -999.00 -999.00 -999.00 -999.00
2013 2  8  40   -999.00 -999.00 -999.00 -999.00 -999.00 3.82 78.36 4.44  100.00 0.0000 32.11  -999.00 237.13 -999.00 -999.0000 -999.00 -999.00 -999.00 -999.00 -999.00
2013 2  8  45   -999.00 -999.00 -999.00 -999.00 -999.00 3.88 78.21 4.43  100.01 0.0000 38.31  -999.00 236.86 -999.00 -999.0000 -999.00 -999.00 -999.00 -999.00 -999.00
2013 2  8  50   -999.00 -999.00 -999.00 -999.00 -999.00 3.95 78.05 4.42  100.02 0.0000 44.50  -999.00 236.59 -999.00 -999.0000 -999.00 -999.00 -999.00 -999.00 -999.00
2013 2  8  55   -999.00 -999.00 -999.00 -999.00 -999.00 4.02 77.90 4.41  100.03 0.0000 50.69  -999.00 236.33 -999.00 -999.0000 -999.00 -999.00 -999.00 -999.00 -999.00
2013 2  9  0    -999.00 -999.00 -999.00 -999.00 -999.00 4.08 77.75 4.40  100.04 0.0000 56.89  -999.00 236.06 -999.00 -999.0000 -999.00 -999.00 -999.00 -999.00 -999.00
2013 2  9  5    -999.00 -999.00 -999.00 -999.00 -999.00 4.15 77.59 4.38  100.05 0.0000 63.08  -999.00 235.79 -999.00 -999.0000 -999.00 -999.00 -999.00 -999.00 -999.00
2013 2  9  10   -999.00 -999.00 -999.00 -999.00 -999.00 4.21 77.44 4.37  100.06 0.0000 69.28  -999.00 235.52 -999.00 -999.0000 -999.00 -999.00 -999.00 -999.00 -999.00
2013 2  9  15   -999.00 -999.00 -999.00 -999.00 -999.00 4.28 77.29 4.36  100.07 0.0000 75.47  -999.00 235.26 -999.00 -999.0000 -999.00 -999.00 -999.00 -999.00 -999.00
2013 2  9  20   -999.00 -999.00 -999.00 -999.00 -999.00 4.35 77.13 4.35  100.08 0.0000 81.66  -999.00 234.99 -999.00 -999.0000 -999.00 -999.00 -999.00 -999.00 -999.00
2013 2  9  25   -999.00 -999.00 -999.00 -999.00 -999.00 4.41 76.98 4.34  100.09 0.0000 87.86  -999.00 234.72 -999.00 -999.0000 -999.00 -999.00 -999.00 -999.00 -999.00
2013 2  9  30   -999.00 -999.00 -999.00 -999.00 -999.00 4.48 76.83 4.33  100.10 0.0000 94.05  -999.00 234.45 -999.00 -999.0000 -999.00 -999.00 -999.00 -999.00 -999.00
2013 2  9  35   -999.00 -999.00 -999.00 -999.00 -999.00 4.50 76.58 4.34  100.10 0.0000 100.41 -999.00 234.29 -999.00 -999.0000 -999.00 -999.00 -999.00 -999.00 -999.00
2013 2  9  40   -999.00 -999.00 -999.00 -999.00 -999.00 4.49 76.24 4.37  100.11 0.0000 106.94 -999.00 234.24 -999.00 -999.0000 -999.00 -999.00 -999.00 -999.00 -999.00
2013 2  9  45   -999.00 -999.00 -999.00 -999.00 -999.00 4.48 75.90 4.40  100.12 0.0000 113.47 -999.00 234.19 -999.00 -999.0000 -999.00 -999.00 -999.00 -999.00 -999.00
2013 2  9  50   -999.00 -999.00 -999.00 -999.00 -999.00 4.47 75.57 4.43  100.13 0.0000 119.99 -999.00 234.14 -999.00 -999.0000 -999.00 -999.00 -999.00 -999.00 -999.00
2013 2  9  55   -999.00 -999.00 -999.00 -999.00 -999.00 4.46 75.23 4.47  100.13 0.0000 126.52 -999.00 234.08 -999.00 -999.0000 -999.00 -999.00 -999.00 -999.00 -999.00
2013 2  10 0    -999.00 -999.00 -999.00 -999.00 -999.00 4.45 74.89 4.50  100.14 0.0000 133.05 -999.00 234.03 -999.00 -999.0000 -999.00 -999.00 -999.00 -999.00 -999.00
2013 2  10 5    -999.00 -999.00 -999.00 -999.00 -999.00 4.43 74.55 4.53  100.15 0.0000 139.57 -999.00 233.98 -999.00 -999.0000 -999.00 -999.00 -999.00 -999.00 -999.00
2013 2  10 10   -999.00 -999.00 -999.00 -999.00 -999.00 4.42 74.21 4.56  100.16 0.0000 146.10 -999.00 233.93 -999.00 -999.0000 -999.00 -999.00 -999.00 -999.00 -999.00
2013 2  10 15   -999.00 -999.00 -999.00 -999.00 -999.00 4.41 73.87 4.60  100.16 0.0000 152.63 -999.00 233.87 -999.00 -999.0000 -999.00 -999.00 -999.00 -999.00 -999.00
2013 2  10 20   -999.00 -999.00 -999.00 -999.00 -999.00 4.40 73.54 4.63  100.17 0.0000 159.15 -999.00 233.82 -999.00 -999.0000 -999.00 -999.00 -999.00 -999.00 -999.00
2013 2  10 25   -999.00 -999.00 -999.00 -999.00 -999.00 4.39 73.20 4.66  100.18 0.0000 165.68 -999.00 233.77 -999.00 -999.0000 -999.00 -999.00 -999.00 -999.00 -999.00
2013 2  10 30   -999.00 -999.00 -999.00 -999.00 -999.00 4.38 72.86 4.69  100.19 0.0000 172.21 -999.00 233.72 -999.00 -999.0000 -999.00 -999.00 -999.00 -999.00 -999.00
2013 2  10 35   -999.00 -999.00 -999.00 -999.00 -999.00 4.36 72.56 4.73  100.19 0.0000 177.70 -999.00 234.12 -999.00 -999.0000 -999.00 -999.00 -999.00 -999.00 -999.00
2013 2  10 40   -999.00 -999.00 -999.00 -999.00 -999.00 4.35 72.31 4.78  100.20 0.0000 182.17 -999.00 234.99 -999.00 -999.0000 -999.00 -999.00 -999.00 -999.00 -999.00
2013 2  10 45   -999.00 -999.00 -999.00 -999.00 -999.00 4.34 72.06 4.82  100.20 0.0000 186.64 -999.00 235.86 -999.00 -999.0000 -999.00 -999.00 -999.00 -999.00 -999.00
2013 2  10 50   -999.00 -999.00 -999.00 -999.00 -999.00 4.33 71.81 4.86  100.20 0.0000 191.10 -999.00 236.73 -999.00 -999.0000 -999.00 -999.00 -999.00 -999.00 -999.00
2013 2  10 55   -999.00 -999.00 -999.00 -999.00 -999.00 4.31 71.56 4.91  100.21 0.0000 195.57 -999.00 237.59 -999.00 -999.0000 -999.00 -999.00 -999.00 -999.00 -999.00
2013 2  11 0    -999.00 -999.00 -999.00 -999.00 -999.00 4.30 71.31 4.95  100.21 0.0000 200.04 -999.00 238.46 -999.00 -999.0000 -999.00 -999.00 -999.00 -999.00 -999.00
2013 2  11 5    -999.00 -999.00 -999.00 -999.00 -999.00 4.29 71.06 4.99  100.22 0.0000 204.50 -999.00 239.33 -999.00 -999.0000 -999.00 -999.00 -999.00 -999.00 -999.00
2013 2  11 10   -999.00 -999.00 -999.00 -999.00 -999.00 4.28 70.81 5.04  100.22 0.0000 208.97 -999.00 240.20 -999.00 -999.0000 -999.00 -999.00 -999.00 -999.00 -999.00
2013 2  11 15   -999.00 -999.00 -999.00 -999.00 -999.00 4.26 70.56 5.08  100.23 0.0000 213.44 -999.00 241.06 -999.00 -999.0000 -999.00 -999.00 -999.00 -999.00 -999.00
2013 2  11 20   -999.00 -999.00 -999.00 -999.00 -999.00 4.25 70.31 5.12  100.23 0.0000 217.90 -999.00 241.93 -999.00 -999.0000 -999.00 -999.00 -999.00 -999.00 -999.00
2013 2  11 25   -999.00 -999.00 -999.00 -999.00 -999.00 4.24 70.06 5.17  100.23 0.0000 222.37 -999.00 242.80 -999.00 -999.0000 -999.00 -999.00 -999.00 -999.00 -999.00
2013 2  11 30   -999.00 -999.00 -999.00 -999.00 -999.00 4.23 69.81 5.21  100.24 0.0000 226.84 -999.00 243.67 -999.00 -999.0000 -999.00 -999.00 -999.00 -999.00 -999.00
2013 2  11 35   -999.00 -999.00 -999.00 -999.00 -999.00 4.25 69.50 5.22  100.24 0.0000 229.20 -999.00 244.59 -999.00 -999.0000 -999.00 -999.00 -999.00 -999.00 -999.00
2013 2  11 40   -999.00 -999.00 -999.00 -999.00 -999.00 4.32 69.14 5.21  100.24 0.0000 229.47 -999.00 245.57 -999.00 -999.0000 -999.00 -999.00 -999.00 -999.00 -999.00
2013 2  11 45   -999.00 -999.00 -999.00 -999.00 -999.00 4.38 68.77 5.19  100.24 0.0000 229.73 -999.00 246.55 -999.00 -999.0000 -999.00 -999.00 -999.00 -999.00 -999.00
2013 2  11 50   -999.00 -999.00 -999.00 -999.00 -999.00 4.45 68.39 5.18  100.25 0.0000 230.00 -999.00 247.53 -999.00 -999.0000 -999.00 -999.00 -999.00 -999.00 -999.00
2013 2  11 55   -999.00 -999.00 -999.00 -999.00 -999.00 4.52 68.03 5.16  100.25 0.0000 230.26 -999.00 248.51 -999.00 -999.0000 -999.00 -999.00 -999.00 -999.00 -999.00
2013 2  12 0    -999.00 -999.00 -999.00 -999.00 -999.00 4.58 67.66 5.15  100.25 0.0000 230.53 -999.00 249.49 -999.00 -999.0000 -999.00 -999.00 -999.00 -999.00 -999.00
2013 2  12 5    -999.00 -999.00 -999.00 -999.00 -999.00 4.65 67.28 5.13  100.25 0.0000 230.79 -999.00 250.46 -999.00 -999.0000 -999.00 -999.00 -999.00 -999.00 -999.00
2013 2  12 10   -999.00 -999.00 -999.00 -999.00 -999.00 4.71 66.92 5.12  100.25 0.0000 231.06 -999.00 251.44 -999.00 -999.0000 -999.00 -999.00 -999.00 -999.00 -999.00
2013 2  12 15   -999.00 -999.00 -999.00 -999.00 -999.00 4.78 66.55 5.10  100.25 0.0000 231.32 -999.00 252.42 -999.00 -999.0000 -999.00 -999.00 -999.00 -999.00 -999.00
2013 2  12 20   -999.00 -999.00 -999.00 -999.00 -999.00 4.85 66.17 5.09  100.26 0.0000 231.59 -999.00 253.40 -999.00 -999.0000 -999.00 -999.00 -999.00 -999.00 -999.00
2013 2  12 25   -999.00 -999.00 -999.00 -999.00 -999.00 4.91 65.81 5.07  100.26 0.0000 231.85 -999.00 254.38 -999.00 -999.0000 -999.00 -999.00 -999.00 -999.00 -999.00
2013 2  12 30   -999.00 -999.00 -999.00 -999.00 -999.00 4.98 65.44 5.06  100.26 0.0000 232.12 -999.00 255.36 -999.00 -999.0000 -999.00 -999.00 -999.00 -999.00 -999.00
2013 2  12 35   -999.00 -999.00 -999.00 -999.00 -999.00 5.02 65.12 5.05  100.26 0.0000 230.56 -999.00 255.48 -999.00 -999.0000 -999.00 -999.00 -999.00 -999.00 -999.00
2013 2  12 40   -999.00 -999.00 -999.00 -999.00 -999.00 5.03 64.85 5.05  100.27 0.0000 227.19 -999.00 254.75 -999.00 -999.0000 -999.00 -999.00 -999.00 -999.00 -999.00
2013 2  12 45   -999.00 -999.00 -999.00 -999.00 -999.00 5.05 64.58 5.05  100.27 0.0000 223.81 -999.00 254.02 -999.00 -999.0000 -999.00 -999.00 -999.00 -999.00 -999.00
2013 2  12 50   -999.00 -999.00 -999.00 -999.00 -999.00 5.06 64.31 5.04  100.27 0.0000 220.44 -999.00 253.29 -999.00 -999.0000 -999.00 -999.00 -999.00 -999.00 -999.00
2013 2  12 55   -999.00 -999.00 -999.00 -999.00 -999.00 5.07 64.04 5.04  100.28 0.0000 217.06 -999.00 252.56 -999.00 -999.0000 -999.00 -999.00 -999.00 -999.00 -999.00
2013 2  13 0    -999.00 -999.00 -999.00 -999.00 -999.00 5.09 63.77 5.04  100.28 0.0000 213.69 -999.00 251.83 -999.00 -999.0000 -999.00 -999.00 -999.00 -999.00 -999.00
2013 2  13 5    -999.00 -999.00 -999.00 -999.00 -999.00 5.10 63.50 5.04  100.29 0.0000 210.31 -999.00 251.09 -999.00 -999.0000 -999.00 -999.00 -999.00 -999.00 -999.00
2013 2  13 10   -999.00 -999.00 -999.00 -999.00 -999.00 5.12 63.23 5.04  100.29 0.0000 206.94 -999.00 250.36 -999.00 -999.0000 -999.00 -999.00 -999.00 -999.00 -999.00
2013 2  13 15   -999.00 -999.00 -999.00 -999.00 -999.00 5.13 62.96 5.04  100.30 0.0000 203.56 -999.00 249.63 -999.00 -999.0000 -999.00 -999.00 -999.00 -999.00 -999.00
2013 2  13 20   -999.00 -999.00 -999.00 -999.00 -999.00 5.14 62.69 5.03  100.30 0.0000 200.19 -999.00 248.90 -999.00 -999.0000 -999.00 -999.00 -999.00 -999.00 -999.00
2013 2  13 25   -999.00 -999.00 -999.00 -999.00 -999.00 5.16 62.42 5.03  100.30 0.0000 196.81 -999.00 248.17 -999.00 -999.0000 -999.00 -999.00 -999.00 -999.00 -999.00
2013 2  13 30   -999.00 -999.00 -999.00 -999.00 -999.00 5.17 62.15 5.03  100.31 0.0000 193.44 -999.00 247.44 -999.00 -999.0000 -999.00 -999.00 -999.00 -999.00 -999.00
2013 2  13 35   -999.00 -999.00 -999.00 -999.00 -999.00 5.17 61.93 5.05  100.31 0.0000 188.83 -999.00 247.01 -999.00 -999.0000 -999.00 -999.00 -999.00 -999.00 -999.00
2013 2  13 40   -999.00 -999.00 -999.00 -999.00 -999.00 5.14 61.75 5.08  100.32 0.0000 182.98 -999.00 246.89 -999.00 -999.0000 -999.00 -999.00 -999.00 -999.00 -999.00
2013 2  13 45   -999.00 -999.00 -999.00 -999.00 -999.00 5.12 61.56 5.12  100.32 0.0000 177.13 -999.00 246.77 -999.00 -999.0000 -999.00 -999.00 -999.00 -999.00 -999.00
2013 2  13 50   -999.00 -999.00 -999.00 -999.00 -999.00 5.09 61.38 5.16  100.33 0.0000 171.28 -999.00 246.65 -999.00 -999.0000 -999.00 -999.00 -999.00 -999.00 -999.00
2013 2  13 55   -999.00 -999.00 -999.00 -999.00 -999.00 5.06 61.20 5.20  100.34 0.0000 165.44 -999.00 246.53 -999.00 -999.0000 -999.00 -999.00 -999.00 -999.00 -999.00
2013 2  14 0    -999.00 -999.00 -999.00 -999.00 -999.00 5.04 61.02 5.23  100.34 0.0000 159.59 -999.00 246.41 -999.00 -999.0000 -999.00 -999.00 -999.00 -999.00 -999.00
2013 2  14 5    -999.00 -999.00 -999.00 -999.00 -999.00 5.01 60.83 5.27  100.35 0.0000 153.74 -999.00 246.29 -999.00 -999.0000 -999.00 -999.00 -999.00 -999.00 -999.00
2013 2  14 10   -999.00 -999.00 -999.00 -999.00 -999.00 4.99 60.65 5.30  100.35 0.0000 147.89 -999.00 246.17 -999.00 -999.0000 -999.00 -999.00 -999.00 -999.00 -999.00
2013 2  14 15   -999.00 -999.00 -999.00 -999.00 -999.00 4.96 60.47 5.34  100.36 0.0000 142.05 -999.00 246.05 -999.00 -999.0000 -999.00 -999.00 -999.00 -999.00 -999.00
2013 2  14 20   -999.00 -999.00 -999.00 -999.00 -999.00 4.93 60.29 5.38  100.37 0.0000 136.20 -999.00 245.93 -999.00 -999.0000 -999.00 -999.00 -999.00 -999.00 -999.00
2013 2  14 25   -999.00 -999.00 -999.00 -999.00 -999.00 4.91 60.10 5.41  100.37 0.0000 130.35 -999.00 245.81 -999.00 -999.0000 -999.00 -999.00 -999.00 -999.00 -999.00
2013 2  14 30   -999.00 -999.00 -999.00 -999.00 -999.00 4.88 59.92 5.45  100.38 0.0000 124.50 -999.00 245.69 -999.00 -999.0000 -999.00 -999.00 -999.00 -999.00 -999.00
2013 2  14 35   -999.00 -999.00 -999.00 -999.00 -999.00 4.85 59.85 5.48  100.38 0.0000 117.94 -999.00 245.86 -999.00 -999.0000 -999.00 -999.00 -999.00 -999.00 -999.00
2013 2  14 40   -999.00 -999.00 -999.00 -999.00 -999.00 4.82 59.90 5.49  100.39 0.0000 110.65 -999.00 246.31 -999.00 -999.0000 -999.00 -999.00 -999.00 -999.00 -999.00
2013 2  14 45   -999.00 -999.00 -999.00 -999.00 -999.00 4.79 59.94 5.51  100.39 0.0000 103.37 -999.00 246.76 -999.00 -999.0000 -999.00 -999.00 -999.00 -999.00 -999.00
2013 2  14 50   -999.00 -999.00 -999.00 -999.00 -999.00 4.76 59.98 5.53  100.40 0.0000 96.08  -999.00 247.21 -999.00 -999.0000 -999.00 -999.00 -999.00 -999.00 -999.00
2013 2  14 55   -999.00 -999.00 -999.00 -999.00 -999.00 4.72 60.03 5.54  100.40 0.0000 88.80  -999.00 247.67 -999.00 -999.0000 -999.00 -999.00 -999.00 -999.00 -999.00
2013 2  15 0    -999.00 -999.00 -999.00 -999.00 -999.00 4.69 60.07 5.56  100.41 0.0000 81.51  -999.00 248.12 -999.00 -999.0000 -999.00 -999.00 -999.00 -999.00 -999.00
2013 2  15 5    -999.00 -999.00 -999.00 -999.00 -999.00 4.66 60.12 5.58  100.41 0.0000 74.23  -999.00 248.57 -999.00 -999.0000 -999.00 -999.00 -999.00 -999.00 -999.00
2013 2  15 10   -999.00 -999.00 -999.00 -999.00 -999.00 4.63 60.16 5.59  100.42 0.0000 66.94  -999.00 249.02 -999.00 -999.0000 -999.00 -999.00 -999.00 -999.00 -999.00
2013 2  15 15   -999.00 -999.00 -999.00 -999.00 -999.00 4.59 60.21 5.61  100.42 0.0000 59.66  -999.00 249.48 -999.00 -999.0000 -999.00 -999.00 -999.00 -999.00 -999.00
2013 2  15 20   -999.00 -999.00 -999.00 -999.00 -999.00 4.56 60.25 5.63  100.43 0.0000 52.37  -999.00 249.93 -999.00 -999.0000 -999.00 -999.00 -999.00 -999.00 -999.00
2013 2  15 25   -999.00 -999.00 -999.00 -999.00 -999.00 4.53 60.29 5.64  100.43 0.0000 45.09  -999.00 250.38 -999.00 -999.0000 -999.00 -999.00 -999.00 -999.00 -999.00
2013 2  15 30   -999.00 -999.00 -999.00 -999.00 -999.00 4.50 60.34 5.66  100.44 0.0000 37.80  -999.00 250.83 -999.00 -999.0000 -999.00 -999.00 -999.00 -999.00 -999.00
2013 2  15 35   -999.00 -999.00 -999.00 -999.00 -999.00 4.48 60.53 5.64  100.44 0.0000 32.75  -999.00 251.38 -999.00 -999.0000 -999.00 -999.00 -999.00 -999.00 -999.00
2013 2  15 40   -999.00 -999.00 -999.00 -999.00 -999.00 4.47 60.88 5.58  100.45 0.0000 29.93  -999.00 252.03 -999.00 -999.0000 -999.00 -999.00 -999.00 -999.00 -999.00
2013 2  15 45   -999.00 -999.00 -999.00 -999.00 -999.00 4.46 61.22 5.52  100.45 0.0000 27.11  -999.00 252.67 -999.00 -999.0000 -999.00 -999.00 -999.00 -999.00 -999.00
2013 2  15 50   -999.00 -999.00 -999.00 -999.00 -999.00 4.45 61.57 5.46  100.46 0.0000 24.29  -999.00 253.31 -999.00 -999.0000 -999.00 -999.00 -999.00 -999.00 -999.00
2013 2  15 55   -999.00 -999.00 -999.00 -999.00 -999.00 4.44 61.91 5.40  100.47 0.0000 21.47  -999.00 253.96 -999.00 -999.0000 -999.00 -999.00 -999.00 -999.00 -999.00
2013 2  16 0    -999.00 -999.00 -999.00 -999.00 -999.00 4.43 62.26 5.34  100.47 0.0000 18.65  -999.00 254.60 -999.00 -999.0000 -999.00 -999.00 -999.00 -999.00 -999.00
2013 2  16 5    -999.00 -999.00 -999.00 -999.00 -999.00 4.42 62.60 5.29  100.48 0.0000 15.84  -999.00 255.25 -999.00 -999.0000 -999.00 -999.00 -999.00 -999.00 -999.00
2013 2  16 10   -999.00 -999.00 -999.00 -999.00 -999.00 4.41 62.95 5.23  100.48 0.0000 13.02  -999.00 255.89 -999.00 -999.0000 -999.00 -999.00 -999.00 -999.00 -999.00
2013 2  16 15   -999.00 -999.00 -999.00 -999.00 -999.00 4.40 63.29 5.17  100.49 0.0000 10.20  -999.00 256.54 -999.00 -999.0000 -999.00 -999.00 -999.00 -999.00 -999.00
2013 2  16 20   -999.00 -999.00 -999.00 -999.00 -999.00 4.39 63.64 5.11  100.50 0.0000 7.38   -999.00 257.18 -999.00 -999.0000 -999.00 -999.00 -999.00 -999.00 -999.00
2013 2  16 25   -999.00 -999.00 -999.00 -999.00 -999.00 4.38 63.98 5.05  100.50 0.0000 4.56   -999.00 257.82 -999.00 -999.0000 -999.00 -999.00 -999.00 -999.00 -999.00
2013 2  16 30   -999.00 -999.00 -999.00 -999.00 -999.00 4.37 64.33 4.99  100.51 0.0000 1.74   -999.00 258.47 -999.00 -999.0000 -999.00 -999.00 -999.00 -999.00 -999.00
2013 2  16 35   -999.00 -999.00 -999.00 -999.00 -999.00 4.35 64.73 4.95  100.51 0.0000 0.32   -999.00 258.03 -999.00 -999.0000 -999.00 -999.00 -999.00 -999.00 -999.00
2013 2  16 40   -999.00 -999.00 -999.00 -999.00 -999.00 4.31 65.20 4.93  100.52 0.0000 0.29   -999.00 256.50 -999.00 -999.0000 -999.00 -999.00 -999.00 -999.00 -999.00
2013 2  16 45   -999.00 -999.00 -999.00 -999.00 -999.00 4.27 65.67 4.92  100.52 0.0000 0.26   -999.00 254.98 -999.00 -999.0000 -999.00 -999.00 -999.00 -999.00 -999.00
2013 2  16 50   -999.00 -999.00 -999.00 -999.00 -999.00 4.23 66.14 4.90  100.52 0.0000 0.23   -999.00 253.46 -999.00 -999.0000 -999.00 -999.00 -999.00 -999.00 -999.00
2013 2  16 55   -999.00 -999.00 -999.00 -999.00 -999.00 4.19 66.61 4.88  100.53 0.0000 0.21   -999.00 251.94 -999.00 -999.0000 -999.00 -999.00 -999.00 -999.00 -999.00
2013 2  17 0    -999.00 -999.00 -999.00 -999.00 -999.00 4.15 67.08 4.86  100.53 0.0000 0.18   -999.00 250.41 -999.00 -999.0000 -999.00 -999.00 -999.00 -999.00 -999.00
2013 2  17 5    -999.00 -999.00 -999.00 -999.00 -999.00 4.12 67.54 4.85  100.54 0.0000 0.15   -999.00 248.89 -999.00 -999.0000 -999.00 -999.00 -999.00 -999.00 -999.00
2013 2  17 10   -999.00 -999.00 -999.00 -999.00 -999.00 4.08 68.01 4.83  100.54 0.0000 0.12   -999.00 247.36 -999.00 -999.0000 -999.00 -999.00 -999.00 -999.00 -999.00
2013 2  17 15   -999.00 -999.00 -999.00 -999.00 -999.00 4.04 68.48 4.81  100.55 0.0000 0.10   -999.00 245.84 -999.00 -999.0000 -999.00 -999.00 -999.00 -999.00 -999.00
2013 2  17 20   -999.00 -999.00 -999.00 -999.00 -999.00 4.00 68.95 4.79  100.55 0.0000 0.07   -999.00 244.32 -999.00 -999.0000 -999.00 -999.00 -999.00 -999.00 -999.00
2013 2  17 25   -999.00 -999.00 -999.00 -999.00 -999.00 3.96 69.42 4.78  100.55 0.0000 0.04   -999.00 242.79 -999.00 -999.0000 -999.00 -999.00 -999.00 -999.00 -999.00
2013 2  17 30   -999.00 -999.00 -999.00 -999.00 -999.00 3.92 69.89 4.76  100.56 0.0000 0.01   -999.00 241.27 -999.00 -999.0000 -999.00 -999.00 -999.00 -999.00 -999.00
2013 2  17 35   -999.00 -999.00 -999.00 -999.00 -999.00 3.92 70.09 4.75  100.56 0.0000 0.00   -999.00 240.86 -999.00 -999.0000 -999.00 -999.00 -999.00 -999.00 -999.00
2013 2  17 40   -999.00 -999.00 -999.00 -999.00 -999.00 3.97 70.03 4.74  100.56 0.0000 0.00   -999.00 241.56 -999.00 -999.0000 -999.00 -999.00 -999.00 -999.00 -999.00
2013 2  17 45   -999.00 -999.00 -999.00 -999.00 -999.00 4.02 69.97 4.74  100.57 0.0000 0.00   -999.00 242.26 -999.00 -999.0000 -999.00 -999.00 -999.00 -999.00 -999.00
2013 2  17 50   -999.00 -999.00 -999.00 -999.00 -999.00 4.06 69.90 4.74  100.57 0.0000 0.00   -999.00 242.96 -999.00 -999.0000 -999.00 -999.00 -999.00 -999.00 -999.00
2013 2  17 55   -999.00 -999.00 -999.00 -999.00 -999.00 4.11 69.84 4.73  100.58 0.0000 0.00   -999.00 243.66 -999.00 -999.0000 -999.00 -999.00 -999.00 -999.00 -999.00
2013 2  18 0    -999.00 -999.00 -999.00 -999.00 -999.00 4.16 69.78 4.73  100.58 0.0000 0.00   -999.00 244.36 -999.00 -999.0000 -999.00 -999.00 -999.00 -999.00 -999.00
2013 2  18 5    -999.00 -999.00 -999.00 -999.00 -999.00 4.20 69.72 4.72  100.58 0.0000 0.00   -999.00 245.07 -999.00 -999.0000 -999.00 -999.00 -999.00 -999.00 -999.00
2013 2  18 10   -999.00 -999.00 -999.00 -999.00 -999.00 4.25 69.66 4.72  100.58 0.0000 0.00   -999.00 245.77 -999.00 -999.0000 -999.00 -999.00 -999.00 -999.00 -999.00
2013 2  18 15   -999.00 -999.00 -999.00 -999.00 -999.00 4.30 69.60 4.71  100.59 0.0000 0.00   -999.00 246.47 -999.00 -999.0000 -999.00 -999.00 -999.00 -999.00 -999.00
2013 2  18 20   -999.00 -999.00 -999.00 -999.00 -999.00 4.34 69.53 4.71  100.59 0.0000 0.00   -999.00 247.17 -999.00 -999.0000 -999.00 -999.00 -999.00 -999.00 -999.00
2013 2  18 25   -999.00 -999.00 -999.00 -999.00 -999.00 4.39 69.47 4.71  100.59 0.0000 0.00   -999.00 247.87 -999.00 -999.0000 -999.00 -999.00 -999.00 -999.00 -999.00
2013 2  18 30   -999.00 -999.00 -999.00 -999.00 -999.00 4.44 69.41 4.70  100.60 0.0000 0.00   -999.00 248.57 -999.00 -999.0000 -999.00 -999.00 -999.00 -999.00 -999.00
2013 2  18 35   -999.00 -999.00 -999.00 -999.00 -999.00 4.45 69.34 4.70  100.60 0.0000 0.00   -999.00 248.96 -999.00 -999.0000 -999.00 -999.00 -999.00 -999.00 -999.00
2013 2  18 40   -999.00 -999.00 -999.00 -999.00 -999.00 4.42 69.27 4.69  100.60 0.0000 0.00   -999.00 249.03 -999.00 -999.0000 -999.00 -999.00 -999.00 -999.00 -999.00
2013 2  18 45   -999.00 -999.00 -999.00 -999.00 -999.00 4.39 69.20 4.69  100.60 0.0000 0.00   -999.00 249.10 -999.00 -999.0000 -999.00 -999.00 -999.00 -999.00 -999.00
2013 2  18 50   -999.00 -999.00 -999.00 -999.00 -999.00 4.37 69.13 4.68  100.60 0.0000 0.00   -999.00 249.17 -999.00 -999.0000 -999.00 -999.00 -999.00 -999.00 -999.00
2013 2  18 55   -999.00 -999.00 -999.00 -999.00 -999.00 4.34 69.06 4.68  100.60 0.0000 0.00   -999.00 249.25 -999.00 -999.0000 -999.00 -999.00 -999.00 -999.00 -999.00
2013 2  19 0    -999.00 -999.00 -999.00 -999.00 -999.00 4.31 68.99 4.67  100.60 0.0000 0.00   -999.00 249.32 -999.00 -999.0000 -999.00 -999.00 -999.00 -999.00 -999.00
2013 2  19 5    -999.00 -999.00 -999.00 -999.00 -999.00 4.29 68.92 4.67  100.61 0.0000 0.00   -999.00 249.39 -999.00 -999.0000 -999.00 -999.00 -999.00 -999.00 -999.00
2013 2  19 10   -999.00 -999.00 -999.00 -999.00 -999.00 4.26 68.85 4.66  100.61 0.0000 0.00   -999.00 249.46 -999.00 -999.0000 -999.00 -999.00 -999.00 -999.00 -999.00
2013 2  19 15   -999.00 -999.00 -999.00 -999.00 -999.00 4.23 68.78 4.66  100.61 0.0000 0.00   -999.00 249.54 -999.00 -999.0000 -999.00 -999.00 -999.00 -999.00 -999.00
2013 2  19 20   -999.00 -999.00 -999.00 -999.00 -999.00 4.21 68.71 4.65  100.61 0.0000 0.00   -999.00 249.61 -999.00 -999.0000 -999.00 -999.00 -999.00 -999.00 -999.00
2013 2  19 25   -999.00 -999.00 -999.00 -999.00 -999.00 4.18 68.64 4.65  100.61 0.0000 0.00   -999.00 249.68 -999.00 -999.0000 -999.00 -999.00 -999.00 -999.00 -999.00
2013 2  19 30   -999.00 -999.00 -999.00 -999.00 -999.00 4.15 68.57 4.64  100.61 0.0000 0.00   -999.00 249.75 -999.00 -999.0000 -999.00 -999.00 -999.00 -999.00 -999.00
2013 2  19 35   -999.00 -999.00 -999.00 -999.00 -999.00 4.15 68.56 4.64  100.61 0.0000 0.00   -999.00 249.61 -999.00 -999.0000 -999.00 -999.00 -999.00 -999.00 -999.00
2013 2  19 40   -999.00 -999.00 -999.00 -999.00 -999.00 4.18 68.63 4.64  100.62 0.0000 0.00   -999.00 249.25 -999.00 -999.0000 -999.00 -999.00 -999.00 -999.00 -999.00
2013 2  19 45   -999.00 -999.00 -999.00 -999.00 -999.00 4.21 68.69 4.64  100.62 0.0000 0.00   -999.00 248.88 -999.00 -999.0000 -999.00 -999.00 -999.00 -999.00 -999.00
2013 2  19 50   -999.00 -999.00 -999.00 -999.00 -999.00 4.24 68.76 4.64  100.62 0.0000 0.00   -999.00 248.52 -999.00 -999.0000 -999.00 -999.00 -999.00 -999.00 -999.00
2013 2  19 55   -999.00 -999.00 -999.00 -999.00 -999.00 4.27 68.82 4.64  100.62 0.0000 0.00   -999.00 248.16 -999.00 -999.0000 -999.00 -999.00 -999.00 -999.00 -999.00
2013 2  20 0    -999.00 -999.00 -999.00 -999.00 -999.00 4.30 68.89 4.64  100.63 0.0000 0.00   -999.00 247.79 -999.00 -999.0000 -999.00 -999.00 -999.00 -999.00 -999.00
2013 2  20 5    -999.00 -999.00 -999.00 -999.00 -999.00 4.32 68.95 4.63  100.63 0.0000 0.00   -999.00 247.43 -999.00 -999.0000 -999.00 -999.00 -999.00 -999.00 -999.00
2013 2  20 10   -999.00 -999.00 -999.00 -999.00 -999.00 4.35 69.02 4.63  100.64 0.0000 0.00   -999.00 247.06 -999.00 -999.0000 -999.00 -999.00 -999.00 -999.00 -999.00
2013 2  20 15   -999.00 -999.00 -999.00 -999.00 -999.00 4.38 69.08 4.63  100.64 0.0000 0.00   -999.00 246.70 -999.00 -999.0000 -999.00 -999.00 -999.00 -999.00 -999.00
2013 2  20 20   -999.00 -999.00 -999.00 -999.00 -999.00 4.41 69.15 4.63  100.64 0.0000 0.00   -999.00 246.34 -999.00 -999.0000 -999.00 -999.00 -999.00 -999.00 -999.00
2013 2  20 25   -999.00 -999.00 -999.00 -999.00 -999.00 4.44 69.21 4.63  100.65 0.0000 0.00   -999.00 245.98 -999.00 -999.0000 -999.00 -999.00 -999.00 -999.00 -999.00
2013 2  20 30   -999.00 -999.00 -999.00 -999.00 -999.00 4.47 69.28 4.63  100.65 0.0000 0.00   -999.00 245.61 -999.00 -999.0000 -999.00 -999.00 -999.00 -999.00 -999.00
2013 2  20 35   -999.00 -999.00 -999.00 -999.00 -999.00 4.47 69.38 4.64  100.65 0.0000 0.00   -999.00 246.18 -999.00 -999.0000 -999.00 -999.00 -999.00 -999.00 -999.00
2013 2  20 40   -999.00 -999.00 -999.00 -999.00 -999.00 4.45 69.51 4.66  100.65 0.0000 0.00   -999.00 247.67 -999.00 -999.0000 -999.00 -999.00 -999.00 -999.00 -999.00
2013 2  20 45   -999.00 -999.00 -999.00 -999.00 -999.00 4.42 69.64 4.67  100.65 0.0000 0.00   -999.00 249.17 -999.00 -999.0000 -999.00 -999.00 -999.00 -999.00 -999.00
2013 2  20 50   -999.00 -999.00 -999.00 -999.00 -999.00 4.40 69.77 4.69  100.65 0.0000 0.00   -999.00 250.66 -999.00 -999.0000 -999.00 -999.00 -999.00 -999.00 -999.00
2013 2  20 55   -999.00 -999.00 -999.00 -999.00 -999.00 4.38 69.90 4.71  100.65 0.0000 0.00   -999.00 252.16 -999.00 -999.0000 -999.00 -999.00 -999.00 -999.00 -999.00
2013 2  21 0    -999.00 -999.00 -999.00 -999.00 -999.00 4.36 70.03 4.73  100.65 0.0000 0.00   -999.00 253.65 -999.00 -999.0000 -999.00 -999.00 -999.00 -999.00 -999.00
2013 2  21 5    -999.00 -999.00 -999.00 -999.00 -999.00 4.33 70.16 4.74  100.64 0.0000 0.00   -999.00 255.15 -999.00 -999.0000 -999.00 -999.00 -999.00 -999.00 -999.00
2013 2  21 10   -999.00 -999.00 -999.00 -999.00 -999.00 4.31 70.29 4.76  100.64 0.0000 0.00   -999.00 256.64 -999.00 -999.0000 -999.00 -999.00 -999.00 -999.00 -999.00
2013 2  21 15   -999.00 -999.00 -999.00 -999.00 -999.00 4.29 70.42 4.78  100.64 0.0000 0.00   -999.00 258.14 -999.00 -999.0000 -999.00 -999.00 -999.00 -999.00 -999.00
2013 2  21 20   -999.00 -999.00 -999.00 -999.00 -999.00 4.27 70.55 4.80  100.64 0.0000 0.00   -999.00 259.63 -999.00 -999.0000 -999.00 -999.00 -999.00 -999.00 -999.00
2013 2  21 25   -999.00 -999.00 -999.00 -999.00 -999.00 4.24 70.68 4.81  100.64 0.0000 0.00   -999.00 261.13 -999.00 -999.0000 -999.00 -999.00 -999.00 -999.00 -999.00
2013 2  21 30   -999.00 -999.00 -999.00 -999.00 -999.00 4.22 70.81 4.83  100.64 0.0000 0.00   -999.00 262.62 -999.00 -999.0000 -999.00 -999.00 -999.00 -999.00 -999.00
2013 2  21 35   -999.00 -999.00 -999.00 -999.00 -999.00 4.21 70.97 4.86  100.64 0.0000 0.00   -999.00 264.21 -999.00 -999.0000 -999.00 -999.00 -999.00 -999.00 -999.00
2013 2  21 40   -999.00 -999.00 -999.00 -999.00 -999.00 4.21 71.14 4.91  100.63 0.0000 0.00   -999.00 265.90 -999.00 -999.0000 -999.00 -999.00 -999.00 -999.00 -999.00
2013 2  21 45   -999.00 -999.00 -999.00 -999.00 -999.00 4.22 71.32 4.96  100.62 0.0000 0.00   -999.00 267.59 -999.00 -999.0000 -999.00 -999.00 -999.00 -999.00 -999.00
2013 2  21 50   -999.00 -999.00 -999.00 -999.00 -999.00 4.22 71.49 5.00  100.62 0.0000 0.00   -999.00 269.28 -999.00 -999.0000 -999.00 -999.00 -999.00 -999.00 -999.00
2013 2  21 55   -999.00 -999.00 -999.00 -999.00 -999.00 4.22 71.66 5.05  100.61 0.0000 0.00   -999.00 270.97 -999.00 -999.0000 -999.00 -999.00 -999.00 -999.00 -999.00
2013 2  22 0    -999.00 -999.00 -999.00 -999.00 -999.00 4.22 71.84 5.10  100.60 0.0000 0.00   -999.00 272.66 -999.00 -999.0000 -999.00 -999.00 -999.00 -999.00 -999.00
2013 2  22 5    -999.00 -999.00 -999.00 -999.00 -999.00 4.23 72.01 5.14  100.60 0.0000 0.00   -999.00 274.34 -999.00 -999.0000 -999.00 -999.00 -999.00 -999.00 -999.00
2013 2  22 10   -999.00 -999.00 -999.00 -999.00 -999.00 4.23 72.19 5.19  100.59 0.0000 0.00   -999.00 276.03 -999.00 -999.0000 -999.00 -999.00 -999.00 -999.00 -999.00
2013 2  22 15   -999.00 -999.00 -999.00 -999.00 -999.00 4.23 72.36 5.24  100.58 0.0000 0.00   -999.00 277.72 -999.00 -999.0000 -999.00 -999.00 -999.00 -999.00 -999.00
2013 2  22 20   -999.00 -999.00 -999.00 -999.00 -999.00 4.23 72.53 5.28  100.58 0.0000 0.00   -999.00 279.41 -999.00 -999.0000 -999.00 -999.00 -999.00 -999.00 -999.00
2013 2  22 25   -999.00 -999.00 -999.00 -999.00 -999.00 4.24 72.71 5.33  100.57 0.0000 0.00   -999.00 281.10 -999.00 -999.0000 -999.00 -999.00 -999.00 -999.00 -999.00
2013 2  22 30   -999.00 -999.00 -999.00 -999.00 -999.00 4.24 72.88 5.38  100.56 0.0000 0.00   -999.00 282.79 -999.00 -999.0000 -999.00 -999.00 -999.00 -999.00 -999.00
2013 2  22 35   -999.00 -999.00 -999.00 -999.00 -999.00 4.24 73.03 5.42  100.56 0.0000 0.00   -999.00 282.91 -999.00 -999.0000 -999.00 -999.00 -999.00 -999.00 -999.00
2013 2  22 40   -999.00 -999.00 -999.00 -999.00 -999.00 4.25 73.15 5.47  100.55 0.0000 0.00   -999.00 281.48 -999.00 -999.0000 -999.00 -999.00 -999.00 -999.00 -999.00
2013 2  22 45   -999.00 -999.00 -999.00 -999.00 -999.00 4.25 73.27 5.52  100.55 0.0000 0.00   -999.00 280.04 -999.00 -999.0000 -999.00 -999.00 -999.00 -999.00 -999.00
2013 2  22 50   -999.00 -999.00 -999.00 -999.00 -999.00 4.25 73.38 5.57  100.54 0.0000 0.00   -999.00 278.61 -999.00 -999.0000 -999.00 -999.00 -999.00 -999.00 -999.00
2013 2  22 55   -999.00 -999.00 -999.00 -999.00 -999.00 4.26 73.50 5.61  100.54 0.0000 0.00   -999.00 277.17 -999.00 -999.0000 -999.00 -999.00 -999.00 -999.00 -999.00
2013 2  23 0    -999.00 -999.00 -999.00 -999.00 -999.00 4.26 73.62 5.66  100.53 0.0000 0.00   -999.00 275.74 -999.00 -999.0000 -999.00 -999.00 -999.00 -999.00 -999.00
2013 2  23 5    -999.00 -999.00 -999.00 -999.00 -999.00 4.27 73.74 5.71  100.53 0.0000 0.00   -999.00 274.30 -999.00 -999.0000 -999.00 -999.00 -999.00 -999.00 -999.00
2013 2  23 10   -999.00 -999.00 -999.00 -999.00 -999.00 4.27 73.86 5.76  100.52 0.0000 0.00   -999.00 272.87 -999.00 -999.0000 -999.00 -999.00 -999.00 -999.00 -999.00
2013 2  23 15   -999.00 -999.00 -999.00 -999.00 -999.00 4.28 73.98 5.80  100.52 0.0000 0.00   -999.00 271.43 -999.00 -999.0000 -999.00 -999.00 -999.00 -999.00 -999.00
2013 2  23 20   -999.00 -999.00 -999.00 -999.00 -999.00 4.28 74.09 5.85  100.51 0.0000 0.00   -999.00 270.00 -999.00 -999.0000 -999.00 -999.00 -999.00 -999.00 -999.00
2013 2  23 25   -999.00 -999.00 -999.00 -999.00 -999.00 4.28 74.21 5.90  100.51 0.0000 0.00   -999.00 268.56 -999.00 -999.0000 -999.00 -999.00 -999.00 -999.00 -999.00
2013 2  23 30   -999.00 -999.00 -999.00 -999.00 -999.00 4.29 74.33 5.95  100.50 0.0000 0.00   -999.00 267.13 -999.00 -999.0000 -999.00 -999.00 -999.00 -999.00 -999.00
2013 2  23 35   -999.00 -999.00 -999.00 -999.00 -999.00 4.29 74.48 5.99  100.50 0.0000 0.00   -999.00 267.96 -999.00 -999.0000 -999.00 -999.00 -999.00 -999.00 -999.00
2013 2  23 40   -999.00 -999.00 -999.00 -999.00 -999.00 4.28 74.66 6.04  100.49 0.0000 0.00   -999.00 271.06 -999.00 -999.0000 -999.00 -999.00 -999.00 -999.00 -999.00
2013 2  23 45   -999.00 -999.00 -999.00 -999.00 -999.00 4.28 74.84 6.08  100.48 0.0000 0.00   -999.00 274.17 -999.00 -999.0000 -999.00 -999.00 -999.00 -999.00 -999.00
2013 2  23 50   -999.00 -999.00 -999.00 -999.00 -999.00 4.27 75.02 6.12  100.47 0.0000 0.00   -999.00 277.27 -999.00 -999.0000 -999.00 -999.00 -999.00 -999.00 -999.00
2013 2  23 55   -999.00 -999.00 -999.00 -999.00 -999.00 4.26 75.20 6.17  100.46 0.0000 0.00   -999.00 280.37 -999.00 -999.0000 -999.00 -999.00 -999.00 -999.00 -999.00
2013 3  0  0    -999.00 -999.00 -999.00 -999.00 -999.00 4.26 75.38 6.21  100.45 0.0000 0.00   -999.00 283.47 -999.00 -999.0000 -999.00 -999.00 -999.00 -999.00 -999.00